  -1.3541810e+00
   3.6227766e+00
   4.9715922e+00
   5.7608222e+00
  -2.9552983e+00
  -2.0163449e+00
  -8.8480325e+00
   1.3957436e+00
   1.3338873e+01
   1.4602298e+01
  -3.1172017e-01
   3.6855702e+00
  -2.1607527e+00
  -4.8730409e-01
  -7.5923054e+00
  -7.7183116e+00
  -8.8232671e+00
   7.3485338e+00
  -9.2055913e+00
   1.6430926e+01
   4.1304312e-01
  -5.5171443e+00
   4.6011200e+00
   8.8838080e+00
  -8.2667479e-01
   7.1904398e+00
   6.3513245e+00
   1.4041403e+01
  -1.3981176e-01
   2.2095805e+00
   5.9302977e+00
   2.1105014e+00
   1.6796746e+01
   2.9160969e+00
   4.2033612e+00
  -7.7608195e+00
   9.1849969e+00
   5.5141949e+00
  -7.1600538e+00
   1.1941534e+00
  -1.8889569e+00
  -9.0199243e+00
  -3.9263727e-01
  -2.7149025e+01
  -4.3399818e+00
   1.2728604e+00
  -4.7625412e+00
  -6.4849402e+00
   1.2442371e+01
   1.0852144e+01
