  -6.2367040e+00
   1.5607158e+00
  -8.9731121e+00
   7.5014639e-01
   1.1569517e+01
   1.2415252e+01
  -4.8792132e+00
   4.4792143e+00
   7.3011979e+00
   5.1031596e+00
   1.4203702e+01
  -6.3905009e+00
   1.2879989e+01
  -5.0224437e+00
  -5.2740727e+00
  -1.5255346e+01
   4.2873050e+00
   8.2680913e+00
   1.0047757e+00
   2.5909624e+00
   2.2948299e+00
   5.1726305e+00
   4.2243367e+00
  -6.5546302e+00
  -2.5669821e+00
  -8.2751444e+00
   3.7957963e+00
   6.9121509e-01
  -6.9349022e+00
   4.5794796e+00
  -3.3567143e+00
   1.0960794e+01
  -3.7216638e+00
   1.1610337e+01
  -1.1525543e+01
  -1.8656092e+00
   1.2110153e+01
   1.4265425e+01
   2.5527650e+00
  -6.6048890e+00
   6.6119702e+00
   1.2746682e+01
  -2.9746980e+00
  -5.6180199e+00
  -1.9647873e+01
  -1.1594483e+01
   7.5254007e+00
   4.7724705e+00
  -2.0159451e+00
  -1.3421732e+01
