  -2.0870403e+00
   2.0671861e+01
   1.0183144e+01
   4.7489043e+00
  -1.4255767e+01
  -1.0381782e+01
  -5.8785285e+00
   1.6069912e+00
  -5.5485458e+00
  -1.1296628e+01
  -3.4120245e+00
  -2.3587111e+01
  -5.6871904e+00
   4.8241870e+00
  -5.5295003e+00
   1.1835765e+00
   1.0837132e+01
   8.2337557e+00
   2.1088672e+00
  -1.0550864e+01
  -1.5318291e+01
  -6.7972396e+00
  -6.7349608e-01
   4.2273923e+00
  -4.3882223e+00
   3.5639482e+00
   8.0505988e+00
   6.4619317e-02
   4.4685651e+00
  -6.4947622e+00
  -1.1184987e+00
   2.1391924e+00
  -2.2710975e+00
  -1.2414181e+01
  -3.6307210e+00
   4.4911297e+00
   4.4389944e+00
  -7.7325259e-01
  -6.5816998e+00
  -2.7683304e+00
  -4.6211724e+00
  -1.8834492e-01
   5.5227649e-01
   7.3513320e+00
   1.1613830e+01
   9.5855073e+00
   1.2922854e+00
  -3.4068253e+00
   2.6301114e+00
   1.9429716e+00
