   6.5437747e+00
   2.3696067e+00
  -1.2765434e+01
  -1.7940825e+00
  -1.0427352e+01
   7.9831401e+00
  -5.4287050e+00
   1.0371072e+01
   1.0105245e+01
  -3.3223391e+00
  -6.5434562e+00
  -2.4648509e+00
   5.2976124e-01
  -1.2662702e+01
  -1.0556558e+00
   6.9602054e+00
  -3.2910370e+00
   1.4097421e+01
  -3.8233009e+00
   6.8612047e+00
   2.6553379e+00
   4.9437525e+00
  -7.2295968e+00
   1.3135041e+01
  -5.5534660e+00
   6.3331211e+00
   6.7663464e+00
  -2.6998271e+00
   1.8890862e+00
  -2.5981269e+00
  -9.0370186e+00
   3.6117659e+00
   4.4651347e+00
  -8.4486755e+00
   1.3104233e+01
  -1.3462425e+00
   6.4285240e+00
  -1.2340221e+00
  -1.7299054e+01
   3.0293809e+00
  -7.7332492e+00
   6.8678537e+00
   8.6804162e+00
   1.5789618e-01
   1.2066747e+01
   5.2184367e+00
   1.4812226e+01
  -6.5355310e+00
   1.3795033e+00
   9.1568182e+00
