  -4.6012742e+00
  -1.3416246e+01
  -3.8035533e+00
   5.3578440e+00
  -1.8872452e+00
   7.9697110e+00
  -1.9532651e+01
   1.6619374e+01
  -6.9671775e+00
   8.9641782e+00
  -1.0161405e+01
  -3.4961848e+00
  -7.9745046e+00
   5.6195925e+00
  -1.6843689e+00
  -3.3500540e-01
  -7.9488152e+00
   7.3852740e+00
   1.0710742e+01
  -3.1000021e+00
  -2.4715509e+01
   4.7961116e+00
   1.3893178e+00
  -1.5651617e-02
  -1.0289013e+01
  -2.2320222e+01
  -1.3403354e+01
  -9.5730446e+00
  -9.8822298e+00
   2.2496647e+00
   6.2623749e+00
   1.2230338e+01
   3.3459750e+00
  -1.7071033e+01
  -3.4939740e+00
  -1.7874740e+00
  -2.2351013e+00
  -2.0028344e+00
  -2.8692834e-01
   4.9486681e+00
  -1.0143788e+01
   1.7716886e+00
  -2.3256730e+00
  -2.0366652e+00
   5.1487528e+00
  -1.1885433e+00
  -8.8943325e-01
   5.1936880e+00
  -7.5435827e+00
   1.6168837e+01
