   1.6086334e+01
   9.0506048e+00
  -1.1711280e+00
   3.4822695e-01
  -4.7878535e+00
  -1.9304049e+00
   1.0840866e+01
   6.3460902e+00
   2.2293001e+00
  -9.8758843e+00
   1.4733934e+01
  -6.7057115e-01
   3.3117360e+00
  -7.5861734e+00
  -1.0338997e+01
   1.2546737e+00
   4.4728443e+00
   5.7507575e-01
  -2.1935688e+00
  -8.9915490e+00
  -1.2459361e+00
  -1.5061993e+00
  -1.8179247e+01
  -6.3075273e+00
  -1.3012501e+00
  -1.5316469e+01
   3.4917367e-02
   2.8928804e+00
  -5.6315537e+00
   1.7750317e+00
  -2.6580496e+00
  -7.4632092e+00
  -4.5088621e+00
   1.9094683e+01
   2.4513883e+00
   6.3108760e+00
   3.3214976e+00
  -1.0482384e+01
  -4.7645732e+00
   4.4011293e+00
  -4.9594289e+00
   5.4948761e+00
  -6.4595229e+00
  -2.4644557e+00
   5.7780915e+00
  -1.0357218e+00
   7.8683484e-01
  -7.3119447e+00
  -3.9774598e+00
  -3.4645365e+00
