   1.4684896e+00
   8.4194663e+00
   5.4052556e+00
  -4.8790004e+00
  -4.3699890e+00
   4.4071599e+00
   4.9907536e+00
   1.4244138e+01
   2.6800336e+00
  -9.7190853e+00
  -4.0089213e+00
  -4.9435908e-01
   8.6309286e+00
   1.6930457e+00
  -8.2105911e-01
   5.8346093e+00
  -4.0453076e+00
   3.4844707e+00
   2.0852626e+00
  -1.7862075e+00
   8.3649755e+00
   1.0509044e+00
   1.3637623e+01
   4.3598182e+00
  -3.8576502e+00
   4.9416882e+00
   6.3434630e+00
  -8.9344260e+00
  -1.8298885e+00
   2.2876947e+00
   7.1579323e+00
  -3.6652480e+00
   8.5279594e+00
   3.2311108e+00
  -1.6245488e+01
   3.0343689e+00
  -4.1705007e+00
   2.8419774e+00
   6.9518791e+00
  -3.4773884e+00
   3.3566154e+00
   5.5005817e+00
  -1.0522327e+01
   5.8841959e+00
   8.1945371e+00
   3.7227738e+00
   6.4122547e+00
  -1.8859091e+00
   1.9317500e+01
   1.5184041e+01
