  -1.2483570e+01
  -1.0021429e+01
  -2.7811659e-01
   8.7665822e+00
  -1.1228947e+00
   6.9339130e+00
   1.5958177e+01
  -8.1964534e-01
  -8.7549160e-01
   6.1009277e+00
  -4.7181716e-01
   1.5856587e+01
   5.7017664e+00
   4.2067983e-01
  -2.1997241e+01
  -4.6482573e+00
  -3.4116462e+00
   7.9355886e+00
   7.3412924e+00
  -2.2538837e+00
  -1.3027997e-01
  -5.9706067e+00
   1.7397479e+01
   5.1614938e+00
  -6.2506142e+00
  -3.2823270e+00
  -6.3602054e+00
   2.1982383e+00
   1.1476741e+01
   4.7329624e+00
  -2.0264480e-01
   2.1721048e-01
  -1.0273917e+00
  -3.5591944e+00
   7.8211177e+00
  -3.8573680e+00
  -2.9771920e+00
   7.2606443e+00
   9.6102050e+00
  -5.7202505e+00
   4.2115143e+00
  -9.4678742e+00
   7.0790787e-01
  -1.2693207e+01
   8.0778716e+00
  -4.6382640e+00
   6.1083594e+00
   1.8342606e+00
   2.8017236e+00
   4.1739320e+00
