   1.4579759e+01
  -2.2872666e-01
   3.1099376e-01
   4.4393223e+00
   4.4754837e+00
  -2.8665212e+00
   7.5846496e+00
  -3.2405118e+00
   6.3176635e+00
   1.6471408e+01
  -4.9445130e+00
   1.1035049e+01
  -1.9774385e+01
   5.8808406e-01
   2.7380009e+00
   8.6652759e-01
   1.5659964e+01
   6.8772210e+00
   2.4950891e+00
   1.7278201e+00
  -5.3636425e+00
  -1.4985449e+01
   4.1756391e+00
  -1.1629887e+01
   4.6365731e+00
  -4.5879198e+00
   1.0575419e+01
   1.0540551e+00
   4.0172895e+00
  -3.3149263e-02
  -4.0329187e+00
   1.0030748e+01
  -5.4667870e+00
   6.9780086e+00
  -7.9152976e+00
  -1.3936567e+00
  -7.2842147e-01
   3.4500507e+00
   9.5957923e+00
   4.2460985e+00
   3.5590597e+00
  -8.2942746e+00
   1.0739303e+01
   5.4921517e-01
   2.6837264e+00
  -4.4969746e-01
   5.6174063e+00
  -4.2903786e+00
  -4.3366084e+00
  -1.2762076e+00
