   4.9208987e+00
   1.1249475e+01
  -6.4030948e+00
   7.3783379e+00
  -1.2060412e+01
   8.7444232e+00
   2.7590315e+00
   5.7727927e+00
   2.1764286e+00
  -2.4721667e+00
  -6.1074131e+00
   6.3590582e+00
   3.2932213e+00
   6.0920048e+00
  -1.4248899e+00
   3.0361150e+00
  -5.4814163e+00
   6.7849078e+00
   3.6355963e+00
   5.2513606e-01
  -1.2864727e+01
  -3.2159263e+00
   3.6022675e+00
   5.1829541e+00
   7.6780897e+00
   2.2532719e+00
   1.0131225e+00
  -1.1657516e+01
  -2.0049541e+01
  -1.8619471e+00
   1.8343203e+01
   5.9105590e+00
  -1.0249981e+01
  -1.5197512e-01
  -1.0065405e+01
  -2.0974764e+00
   3.0020196e+00
   1.5517430e-01
   2.2379467e+00
  -6.6482342e+00
   8.2725621e+00
   8.1176595e+00
   1.6943853e+01
   4.9611520e+00
  -5.8879669e+00
   1.9551779e+00
  -4.1429228e+00
  -5.6358529e+00
  -2.1506067e+00
  -1.0703971e+00
