  -1.6573341e-01
  -4.2957770e+00
  -7.8547276e+00
   4.1158816e+00
  -9.6117846e-01
  -1.8437467e+00
  -2.9554900e+00
   1.4044369e+01
   7.1013965e-02
   3.8753316e+00
   8.0712694e+00
  -8.9453903e+00
  -2.1717438e+00
  -1.6631530e+01
   7.2210889e+00
   3.8674082e+00
   7.2207146e+00
   9.7347373e-01
   7.2611849e+00
  -6.8603801e-01
  -1.2377937e+00
  -4.1729813e+00
   1.6378996e+01
   7.1338485e+00
   7.9347672e+00
   2.2583151e+00
   5.8840699e+00
   9.0361167e+00
  -5.2543762e-01
  -1.5543735e+01
   1.7917830e+01
  -4.9105940e+00
   1.4388390e+00
  -6.6165318e+00
   7.9093908e+00
  -1.0387593e+01
  -1.6333136e+01
  -1.1000979e+01
   3.2108151e+00
  -1.9493870e+00
   7.9843773e-01
  -3.0950574e+00
   5.1764972e+00
   1.4492032e+01
   6.6578489e+00
   1.2124634e+01
  -1.3986395e+00
  -2.3950708e+00
  -9.3491410e+00
   4.7749669e+00
