  -5.4151290e+00
  -5.5446409e+00
   2.7284506e+00
  -1.3097343e+01
  -7.4983375e+00
  -2.5654615e+01
   5.4527951e+00
  -1.6194601e+01
  -2.1799524e+00
   8.1351577e+00
   6.8536495e+00
  -8.2825729e+00
  -3.4232611e+00
   1.6990923e+01
   1.0232479e+01
   1.6834241e+01
   4.3215646e+00
   4.3121337e+00
  -5.5020885e+00
   5.8821800e+00
  -7.3477610e+00
  -4.8011390e-02
   1.0905169e+01
  -1.7197565e+00
   1.2512406e+01
  -1.4155637e+01
   2.0607891e+00
   1.2668334e+01
  -3.6007076e-01
   1.1018478e+01
   1.4458324e+01
  -1.5497739e+01
  -2.9731847e+00
  -6.5275121e+00
  -1.5926410e+01
  -2.5540905e+00
  -8.6929942e+00
   7.8135133e+00
   1.3344311e+01
  -1.2877568e+01
  -1.4443136e+01
  -6.2786909e+00
  -2.4916286e+00
  -1.0176705e+01
   2.9347060e+00
   9.6523300e+00
   1.0703445e+00
   4.0700716e-01
   1.3525943e+01
  -1.1222625e+01
