   8.4347180e+00
   8.1008167e+00
  -3.2348414e+00
   8.0132958e+00
  -1.1763992e+01
  -2.6904868e+00
  -2.3106806e+00
   1.5176716e+00
  -4.8126898e+00
   3.2427243e+00
   1.2863302e+01
  -2.6622486e-01
   6.5391752e+00
  -2.7268441e+00
  -7.3037746e-01
  -3.6834835e+00
  -9.0715819e+00
  -8.9239436e+00
   8.3089919e+00
  -6.9452776e+00
   2.4535164e+00
   8.0273017e+00
   6.1022314e+00
   5.5008275e-01
  -5.5145069e+00
   2.6242158e+00
   1.1991520e+01
  -7.2676905e+00
   1.0107678e+01
  -5.9960803e+00
  -1.8312128e+00
   4.5880154e+00
   1.0400764e+01
   8.5124843e+00
  -1.0608806e+01
   8.5634281e+00
   7.6665772e+00
  -4.1049903e+00
  -5.9368796e+00
   9.9163084e+00
   1.6335495e+01
  -6.5757189e-01
  -5.6632803e+00
   5.1684507e+00
  -9.8485254e+00
  -9.9331445e+00
   2.6119230e+00
   3.3496168e+00
   5.3154919e+00
  -8.8176267e-01
