  -1.0897275e+01
  -1.1586434e+01
  -6.5625301e+00
  -8.3125962e+00
   3.9231761e-01
  -1.7305496e+01
   9.0254792e+00
   1.6854567e+01
   1.5070123e+01
  -7.8565577e+00
  -5.7575314e+00
   3.2802610e+00
   4.1341809e+00
  -2.7725408e+00
  -8.4724545e-01
  -1.4245178e+01
   7.1759310e+00
  -1.2385810e+01
  -2.1318595e+00
  -2.4729027e+00
   8.9713656e+00
  -6.4218255e+00
  -1.5455138e+00
   3.2290023e+00
  -2.2620572e+00
   5.7988287e+00
  -4.5852187e+00
   3.4188966e+00
  -9.8307649e+00
  -4.8178555e+00
  -2.2167724e+00
   4.5771576e+00
  -6.2651675e+00
   1.5420737e+00
   4.5031041e+00
   6.5711169e+00
  -1.6366964e+00
  -4.7947094e+00
  -4.3505767e+00
   2.8092029e+00
   3.6399666e+00
   2.6500573e+00
  -1.6106231e+01
  -7.2140096e+00
   6.4059888e+00
  -9.7092514e-01
   7.9146479e+00
   5.1916285e+00
   7.6801089e+00
  -1.1858571e-01
