   6.7597548e+00
   4.0255270e+00
  -1.0230576e+00
  -3.2136999e+00
   9.5305986e+00
   7.0232115e+00
  -1.8238677e-01
  -1.3775312e+00
   1.0678955e+01
   1.1190725e+01
  -1.6122979e+00
   2.9127270e+00
   8.3589832e+00
  -9.9214786e+00
   4.7120853e+00
   2.0165043e+00
   7.7449693e+00
   2.4364617e+00
  -2.1723266e+00
  -3.7125853e+00
   8.1794503e+00
  -8.6688774e+00
   2.3627505e+00
  -1.3822080e+00
   7.2070426e+00
  -1.1923365e+01
   1.7311239e+01
  -1.6854232e+01
  -8.7214316e+00
   6.6243607e+00
  -2.5792356e+00
  -9.2951188e+00
   2.5106210e+00
  -1.0143184e+01
  -5.5960174e+00
   6.5222666e-01
   2.6821331e+00
  -1.1702424e+01
   8.6362014e+00
   8.1708520e-01
   4.6891668e+00
   4.9459899e+00
  -1.8195300e+00
   2.4690327e+00
   6.9754723e+00
  -1.6936959e-01
  -5.2871891e+00
  -7.7409453e+00
  -4.7497680e+00
   1.9798255e+00
