   1.9113428e+01
  -2.3393465e+00
  -1.3265202e+01
   2.8255246e+00
   1.5165018e+01
  -4.1577908e-01
   1.1487302e+01
   1.4173990e+01
   3.9547535e-01
   1.1043081e+00
  -5.3084027e+00
  -1.2591501e+01
  -4.6986374e-02
   6.5819660e+00
  -5.4878961e+00
   1.2329025e+01
  -1.9293121e+01
   5.2677704e-01
   3.7480801e+00
   7.0708821e+00
  -6.5600844e-01
   3.9829233e+00
  -1.3656985e+01
   1.2654168e+00
  -4.5767607e+00
   8.3838755e+00
  -6.8455107e+00
  -2.3481195e+00
   6.9685875e+00
   2.3762443e+00
   4.6074380e+00
   1.3011794e+01
   9.4887371e+00
  -4.2762742e+00
   3.4890607e+00
   7.5456578e+00
   1.8392635e+01
  -1.2381611e+01
   6.3104002e+00
  -3.1329583e+00
   1.6271399e+01
  -6.0657424e-01
   1.2626479e+01
   5.7881309e+00
   9.4521498e+00
  -1.2762252e+01
   4.7952249e+00
  -1.4619805e+01
  -5.4725557e+00
   1.7522976e+00
