   9.4674229e+00
  -5.4547712e+00
  -9.6711320e+00
   5.8434081e+00
   7.1670525e+00
   1.7477760e+01
  -1.7154863e+00
   4.0141956e+00
   6.6120444e+00
  -5.5006634e+00
  -4.8775986e-01
  -8.8252064e+00
  -5.2805070e+00
  -8.3009399e+00
   1.0760696e+01
   5.1531496e+00
   1.4092632e+01
   4.5749240e-02
  -7.9974230e+00
   1.5600396e+00
  -3.3343333e+00
   1.5890951e+01
  -1.0480680e+01
   5.7105560e+00
   3.8196043e+00
  -1.0812271e+00
   1.5172312e+01
  -1.0170727e+01
   2.3928658e+00
  -6.0872591e+00
  -1.3783690e+00
   1.3599204e+00
  -2.7725752e+00
  -1.0580443e+00
   2.6319115e+00
   6.1087534e+00
  -9.7589731e+00
  -1.1375599e+00
  -1.0468112e+01
   4.7017003e+00
   3.6823612e+00
  -8.5677326e+00
  -1.5275793e+01
   6.8382952e+00
  -9.5073919e-01
  -9.3386230e+00
  -1.3048159e+01
   4.3181929e+00
   7.1513094e+00
   3.4129246e-01
