   1.6440545e+01
  -5.0244589e+00
  -3.2504628e+00
  -1.4410843e+01
  -1.4011467e+01
  -2.9775895e+00
  -4.0820933e+00
   5.9483901e+00
   4.4739990e+00
   2.9700481e+00
  -1.1237089e+01
  -4.5670009e+00
  -1.9518879e+00
   1.0365233e+01
  -1.6203092e+01
   1.0499122e+01
   1.3296249e+01
  -4.5762307e+00
  -1.7632065e+01
   6.0099300e+00
  -2.4212733e+00
   1.5469756e+00
   8.1115870e+00
  -2.2946938e+00
  -7.5201874e+00
   2.6945667e+00
  -3.3073016e+00
  -5.9328106e+00
  -1.2523082e+01
   9.6843380e+00
   5.8899894e+00
   7.5517083e+00
  -1.0199712e+01
  -7.5371945e+00
   1.4907497e-01
  -4.5126569e+00
  -9.1421295e-01
  -4.7449588e-02
   4.4265557e+00
  -1.0822027e+01
  -1.2645205e+00
   6.1795266e+00
  -5.2775431e+00
   1.1643143e+01
  -2.8529966e+00
   7.3062612e+00
   8.6957264e+00
   1.9156462e+01
  -8.9339029e+00
   1.7855093e+01
