  -1.4269355e+00
   1.2492554e+00
   5.5961323e+00
  -8.3891776e+00
   1.6139973e+01
  -8.2422439e+00
   1.3359284e+01
   3.0476327e+00
   9.7478546e+00
   1.3175258e+01
  -6.4783152e+00
   6.6121224e+00
  -5.1439687e+00
   8.9048664e+00
   1.0249621e+01
  -1.3880163e+00
  -4.8216104e+00
  -6.2512170e+00
  -2.8654460e+00
  -2.3151916e-01
  -1.6723199e-01
   1.0151993e+01
   4.4146415e+00
   8.0310992e+00
   4.2388780e+00
  -5.9973284e+00
   9.1999107e+00
   6.7312594e+00
   5.4673791e+00
  -9.6881650e+00
  -1.5240896e+01
  -1.0986031e+01
   1.4629514e+00
   3.1516608e+00
   6.6101510e+00
   8.1952705e-01
   1.0249508e+01
  -6.8140940e+00
   8.9020227e+00
   3.4082937e+00
   8.0654808e+00
  -7.5162107e-01
   1.6169873e+01
  -2.6814849e+00
   1.3740227e+01
  -1.3913831e+01
   7.2945672e+00
  -1.3121802e+01
   4.5370835e+00
   1.2817864e+01
