  -1.9579293e+00
   8.2801967e+00
   9.3356543e+00
  -1.0060510e+01
   6.3440553e-01
   1.1803552e+00
   3.9447917e+00
   4.5601198e+00
   4.9735137e-01
   4.0458281e+00
  -1.8357326e+00
   1.4306364e+01
   2.5407186e+00
   9.1450766e+00
  -5.0898140e+00
  -4.8796250e+00
  -1.3179814e+00
  -1.4874140e+01
  -3.9140048e+00
   6.3481991e+00
  -4.5990441e+00
   1.1237415e+01
  -1.3961243e+01
   1.0575422e+01
   3.0121954e+00
  -4.5634306e+00
   1.2908881e+01
  -8.2620671e-01
   1.4327683e+01
  -1.2200062e+01
  -6.8433492e+00
  -6.9119612e+00
  -5.1831323e+00
  -5.1841789e+00
   6.9204584e+00
   1.8332047e+00
  -6.1072132e+00
   1.0555958e+01
   2.5850124e+00
  -8.6665512e+00
  -4.2651344e+00
  -4.3573038e+00
  -4.7526492e+00
   1.0203124e+01
   1.1177667e+01
  -8.3036596e+00
   3.3287568e+00
  -4.7599553e-01
  -6.7725074e+00
   7.8095496e+00
