  -5.2009370e+00
   4.5178634e+00
  -9.5250646e+00
   5.9367597e+00
  -1.1843808e+01
   4.5915420e-01
   4.8244491e+00
  -8.3184741e+00
   1.2393714e+00
   1.9547367e+01
   4.1215986e+00
   6.2621995e+00
  -1.2809599e+01
   4.2267901e+00
  -5.6401533e+00
  -1.9686062e+01
   8.0822786e+00
  -1.4900952e+00
   1.0605033e+01
  -1.8736851e+00
   9.1154803e+00
   2.2634555e+00
   1.0431548e+00
  -1.0372226e+01
   6.7581060e+00
   8.5937185e+00
  -1.0950931e+01
  -1.0891961e+00
  -7.5095943e+00
  -8.9933294e+00
   4.3175543e+00
  -1.7149757e+01
   1.6165464e+00
   2.6364687e+00
  -1.1486507e+01
   4.3345928e+00
  -2.7905777e+00
  -1.7409143e+01
  -1.0517560e+00
   1.2296162e+00
  -3.5646887e+00
   1.1592587e+01
   7.3315081e+00
  -1.3570044e+00
   4.4843836e+00
   1.2737591e+01
   1.0465994e+01
   5.2882902e+00
  -1.4507863e+00
   1.0026726e+01
