  -7.7523063e+00
  -1.9589212e+00
  -6.1423453e+00
  -2.2587940e+00
   9.1205752e-01
   2.9714273e+00
  -1.4752436e+01
   7.1079874e+00
  -6.5908022e+00
   2.3694446e+00
   1.9585720e+00
   9.3661109e+00
  -6.3681211e+00
  -1.3892167e+01
   2.8415240e+00
   6.4806180e-01
   1.0141639e+00
   1.2097863e+01
  -6.4604453e+00
  -6.8856705e+00
  -9.7192238e+00
   1.1058066e+01
  -1.3352754e+01
  -1.2234734e-01
  -9.1682549e+00
  -1.4077022e+00
   1.2128830e+01
  -2.0124530e+00
   4.8536495e+00
  -1.3589324e+00
  -3.1730935e+00
   1.6958369e+00
  -9.0603583e+00
   2.1244979e+00
   6.9999800e+00
   4.4399902e+00
   1.2780056e+01
   1.4867460e+01
  -4.4820569e+00
   1.7127356e+00
   5.1257178e-01
   4.5591813e+00
   6.9250077e-01
  -3.2763167e+00
  -6.2258427e+00
   5.6462248e+00
   1.0704696e+01
   6.2141774e-01
  -3.0582120e+00
   9.2576980e+00
