   9.9594783e+00
   3.0501609e+00
  -1.0124991e+01
   4.4246623e-01
   3.8602822e+00
  -5.0676456e+00
   8.0452919e+00
  -4.8071761e+00
   1.2767412e+01
  -1.3979642e+00
   1.5849492e+01
  -4.5048062e+00
  -2.3487142e+00
   6.1591126e+00
   1.1107424e+01
  -6.5222957e+00
   2.6529251e+00
  -1.1169015e+00
   4.1448450e-01
   1.2894518e+01
  -6.9368910e+00
   1.1139550e+01
   1.4319303e+01
  -4.9471795e+00
  -3.0109091e+00
   1.6887242e+00
   1.3975573e+01
  -1.2249235e+01
   1.0922815e+01
   2.0377593e+00
  -1.5302003e+01
  -8.5667254e+00
  -1.1132341e+01
   1.0813299e+00
   2.4900464e+00
   8.1214753e+00
  -8.2721363e+00
  -7.3447562e+00
   1.6254483e+01
   1.0765801e+01
  -1.1595062e+01
   8.4853113e+00
  -4.9368809e+00
   8.1512722e+00
   1.1118709e+01
  -1.1558291e+01
  -9.0252309e+00
  -7.9412162e+00
   6.4234473e+00
  -5.6269650e+00
