  -1.2053273e+01
  -9.4375491e+00
  -8.0762066e+00
  -1.6109949e-01
   2.2538037e-01
   6.1059301e+00
   1.1382790e-01
  -3.6784315e+00
   1.9076170e+01
  -3.5216255e+00
   8.2700651e+00
   1.5038577e+01
  -1.1097299e+01
   1.5426631e+01
  -8.8075522e+00
   1.9887831e+01
  -3.2973227e-01
   8.4028388e+00
  -1.1071200e+01
   6.2019786e-01
  -3.6643594e+00
   9.0900593e+00
   9.4384954e+00
   6.6540127e+00
   1.7554375e+01
   3.4801130e+00
  -1.4871981e+01
  -7.7453300e-03
   5.6558605e+00
   1.2083412e+01
   2.3849882e+00
  -2.3863422e+00
  -4.6232946e+00
   1.6857750e-01
   6.1405951e+00
  -3.1039185e+00
  -3.6635854e+00
   5.4178316e+00
   8.3967593e+00
  -6.8979842e+00
   6.6870702e+00
   1.5341710e+01
   1.2268757e+01
   3.5979167e+00
   3.7864453e-01
   5.3860431e-01
  -9.0508254e+00
   4.3390899e+00
   6.1134029e-01
   7.3172391e+00
