  -1.2156028e+00
  -7.4605923e+00
   4.6423826e+00
  -3.4345431e+00
  -1.1739873e+01
   5.1665261e+00
   9.5666593e+00
   1.2793537e+01
   5.8829465e+00
   3.5229370e+00
  -9.7425043e+00
   5.3806053e+00
   9.8964304e+00
  -2.7996256e+00
  -1.7945578e+00
  -1.4070793e+00
  -2.9570649e-01
   3.0936645e+00
  -2.0603898e+00
  -1.5541308e+01
   2.0666031e+00
   2.7415417e+00
   2.9206584e+00
   3.2363043e+00
   1.4537452e+01
  -1.7489108e+01
   1.0520543e+01
  -1.2494851e+00
  -8.6143651e-01
   7.6583074e+00
   7.7494056e+00
   1.4496083e+00
  -5.1109364e+00
   5.9076952e-01
   5.5087550e+00
   1.3092967e+00
  -1.7477695e+01
   2.1083012e+01
   7.6773392e+00
   8.5028207e+00
   3.0774459e+00
  -2.8781625e+00
   8.0793169e+00
  -8.1237357e+00
   5.0182159e+00
  -1.3979088e+01
  -1.0183825e+01
  -4.8045965e+00
  -1.1938520e+00
  -2.8680759e+00
