   2.9099402e+00
  -9.4354522e+00
   1.1662972e-01
  -9.8380774e-01
  -4.4277811e+00
  -1.2187059e+00
  -3.3629398e-01
  -1.2707362e+01
   4.1152941e+00
   5.8504743e+00
  -1.8734765e+01
   1.0494938e+01
   7.0772888e+00
   1.0999620e+01
   2.1863623e+01
  -1.9324564e+01
  -1.2854024e+01
   1.5561054e+00
  -5.5982993e+00
   4.7105288e+00
  -1.3033263e+01
   1.1711132e+01
   3.1191257e+00
   1.4108537e+01
  -3.5100785e+00
   1.6173850e+00
   1.2584395e+00
  -1.7347040e+01
  -1.8029177e+01
   6.4558030e+00
  -1.4897735e+00
  -6.9876904e-01
  -1.3036920e+01
  -5.2758725e+00
   1.7068482e+01
  -1.1132915e+01
   1.3862576e+01
   4.4524835e+00
  -1.8762887e+01
   1.0889668e+01
   1.9539892e+00
  -1.8445566e+01
   1.8710376e+00
  -4.0876706e+00
  -8.9555964e+00
  -2.9197162e+00
   1.9340594e+01
  -4.6135466e+00
  -1.2975308e+00
  -1.2648502e+01
