  -1.1409147e+01
  -4.4815777e-02
   1.8102393e+00
  -2.0503635e-01
  -4.2699272e+00
  -9.6678486e-01
  -4.1135458e+00
   7.8122238e+00
   2.4476562e+00
  -8.1556023e+00
   8.4946995e+00
   9.0285858e+00
  -1.7827880e+01
   3.1617824e+00
   4.1013418e+00
  -1.0450739e+01
   1.6027631e+01
   4.8475768e+00
   2.8357928e-01
   5.1355259e+00
  -4.1914781e+00
  -1.9635286e+00
  -4.3568095e+00
   7.3160493e+00
   3.3412274e+00
   4.1304960e+00
   8.4978171e+00
  -7.7393638e-01
  -7.6441104e+00
  -5.4524660e+00
  -1.5040280e+01
  -9.8563159e+00
   1.7648889e+00
   1.1635194e+01
  -6.3877709e+00
  -9.0665382e+00
  -2.2940141e+00
   1.1475432e+01
  -1.2284627e+01
  -2.1963696e+00
   9.8794162e+00
  -8.4714403e+00
   2.6519453e+00
  -4.1873830e+00
  -1.8426320e+00
   5.8204426e+00
  -7.7894612e+00
   1.0520403e+01
   7.6058715e+00
   5.6400341e+00
