  -1.8073892e+00
   1.0907272e+01
  -2.5755017e+00
  -8.8652928e+00
  -9.7901270e+00
  -6.9670562e+00
  -5.1771886e+00
   8.3385234e+00
  -2.3116355e+00
  -1.0627751e+01
   9.8049854e+00
   4.5461678e+00
   8.8869267e+00
   3.4660702e+00
   8.3921648e-01
   2.1394867e+00
  -5.1742826e+00
  -4.2984832e+00
  -6.0206688e+00
  -2.5574764e+00
   1.3262829e+01
  -1.5942343e+01
  -1.4609615e+00
  -3.5257667e+00
   2.3742286e+00
   7.7538329e+00
   1.4087195e+01
   7.2298310e+00
   3.9424466e+00
  -1.4178319e+01
  -4.0748237e+00
   1.5588003e+00
   1.5323813e+01
  -1.1707218e+01
  -3.2557358e+00
   7.0161165e+00
   1.1524842e+01
  -3.5943915e+00
  -3.2022232e+00
  -3.2575211e+00
   1.4021835e+00
  -2.7286775e-01
  -2.5332125e+00
   6.9100487e+00
  -8.1076112e+00
   2.0340421e+00
  -1.3661381e+01
   3.9478547e+00
  -1.5063449e+01
  -4.4117565e+00
