  -1.8145921e+00
   2.4587923e+00
   3.4592792e+00
  -1.2561194e+01
  -8.6448540e+00
   4.7979664e+00
   1.5295669e+01
   6.4229335e+00
  -6.3403842e+00
   5.5427024e+00
   7.2428562e+00
  -1.2669342e+01
   4.1737854e+00
  -3.8075896e+00
   6.6770348e+00
  -1.5987078e+01
   5.4424387e+00
  -1.0599613e+01
   2.1220529e+00
  -3.4221680e+00
  -7.3261369e+00
   7.0291847e+00
   2.2495352e+00
  -3.8936230e+00
  -6.9143431e+00
   1.4261514e+01
   8.9072858e+00
  -1.7812301e+00
  -2.1249016e+00
  -9.1237478e+00
  -2.8730700e+00
   2.8743765e+00
  -8.9743298e-02
   9.5373868e+00
  -5.3752920e-01
   1.4612237e+01
  -1.2883396e+01
   9.7315831e+00
  -4.9384687e+00
   3.6667471e-01
  -6.4877874e+00
   9.9239196e+00
   2.8362154e+00
   1.9038980e+01
  -4.3472009e+00
   5.5356212e+00
  -5.5169730e+00
   5.5952347e+00
  -9.4579974e+00
   6.9773886e+00
