   4.3862794e+00
  -3.7661137e+00
  -8.8500284e+00
   6.5169374e+00
  -1.3262093e+01
  -5.5132622e+00
   6.8020800e+00
  -6.8096134e+00
  -1.0479005e+01
   6.2942981e+00
  -1.0866754e+01
  -1.4798746e+01
  -5.8386919e+00
   1.3938220e+01
  -1.5905350e+00
  -5.1190700e+00
   8.2857840e+00
  -1.6590540e+01
   1.4083084e+01
  -4.1612316e+00
  -4.3029228e+00
   3.4400175e+00
   9.1418245e+00
   4.0046082e+00
   3.9607631e-01
   2.5328192e+00
  -3.5886442e+00
  -1.5554982e+01
  -3.4322398e+00
   3.6945862e+00
   1.4475564e+01
   1.1199140e+01
  -6.5105702e+00
  -1.1348571e+01
   1.1216289e+01
   6.1353122e+00
  -2.3171519e+00
   9.4880827e-01
   2.8319987e+00
  -9.5108062e+00
  -6.5653742e+00
  -3.5222602e+00
  -6.2241862e+00
   4.2672202e+00
  -3.7919812e+00
   3.7515938e+00
  -1.1963475e+01
  -8.2011241e+00
  -1.2596894e+01
  -7.7767435e+00
