  -1.0433643e+00
   5.6499005e+00
   4.0645732e+00
   6.6667543e+00
   3.1603707e+00
  -1.0525480e+01
   1.2088888e+01
  -5.1627994e+00
  -3.7122251e+00
  -4.5795366e+00
   1.7480061e+01
  -1.0226664e+01
  -2.2172608e+01
  -5.1044939e+00
   3.0817938e+00
  -2.6790490e+00
  -3.4646239e+00
   2.3208994e+00
  -1.3889652e+01
  -3.7580540e+00
  -1.0914117e+01
  -6.6239908e+00
  -3.1736023e+00
  -5.2905297e+00
  -4.5116305e+00
  -1.3215586e+01
  -2.9665064e+00
  -6.8226341e+00
  -9.5821230e+00
   2.0385574e-01
   3.6787358e+00
   7.2005378e+00
   1.1647584e+01
   1.0585119e+01
   5.5763062e+00
  -2.1784210e+00
  -6.3510235e+00
   1.2145019e+01
  -9.4976159e+00
   4.1878657e+00
  -1.5805293e+01
  -9.4853956e+00
   4.9391461e+00
   6.1273411e+00
   1.4363044e+01
   9.3742700e+00
  -1.0182473e+01
  -5.5293638e+00
   2.7712713e+00
  -8.9168855e+00
