  -3.5152811e+00
   1.1209385e+01
  -3.3900322e+00
  -4.8675108e+00
  -1.6669276e+00
  -4.3595087e-01
  -8.4223460e+00
  -5.3240825e+00
  -6.2022482e+00
  -5.4376860e-01
   1.3169032e+01
  -8.0613727e+00
   1.2296940e+01
   2.4474088e+00
   2.3214373e+00
   1.9366587e+00
   5.3703535e+00
  -4.7839154e-01
  -4.4211129e+00
  -9.6091512e+00
   2.8555214e+00
   9.7447759e+00
   5.1723886e+00
   6.8410967e+00
  -1.1271023e+01
  -1.1840135e+00
   1.4739725e-01
   6.6573171e+00
  -1.2391851e+00
  -8.4600592e+00
  -7.1320144e+00
   1.5987909e+00
  -2.2437987e+00
  -1.4547869e+01
  -1.2339702e+01
   1.2602753e+00
   1.2267882e+00
   8.6653198e+00
  -6.5975018e+00
  -6.8290287e+00
  -3.3740870e+00
   3.8333976e+00
   2.3202189e+00
   5.5688083e+00
  -5.8337709e+00
   9.9578361e+00
   1.0411479e+01
  -9.5938837e+00
   1.6004110e+00
   3.7995538e-01
