  -2.3325728e+00
  -1.5985295e+00
   8.3595997e+00
   2.6623452e+00
  -7.2474506e+00
  -9.5556583e+00
  -1.0386930e+00
   1.3009425e+01
  -1.0806543e+01
  -2.1644117e+00
  -1.5222979e+00
  -5.5366261e-01
   1.2051322e+01
   1.0014075e+00
  -1.3425755e+01
  -5.0546847e+00
  -2.8968026e+00
  -8.7816029e+00
  -1.0924258e+01
   3.8283656e+00
   2.6648200e-01
  -4.2113357e+00
   8.9134033e+00
  -1.3901814e+01
  -6.9324934e+00
   5.2611664e-01
  -3.3264526e+00
   9.6653789e-01
  -1.4459845e-01
  -8.8293477e+00
  -1.2766243e+01
   1.0123373e+01
  -1.9599462e+01
  -3.9431947e+00
   2.5900971e+00
   1.2895144e+00
  -7.0372527e+00
   1.5087301e+01
  -5.7055010e+00
  -1.1770825e+01
  -1.0132243e+01
  -2.3901082e+00
   6.9105126e+00
  -1.4305010e+01
   2.9554135e+00
   1.5627333e+01
   7.3290248e+00
  -3.8578649e+00
   6.1114965e+00
   7.8023693e+00
