   3.2622929e+00
   2.2426817e+00
   4.1739938e+00
   1.7697667e+00
  -6.8063450e+00
  -7.4626656e+00
  -2.1572676e+00
   3.7075080e+00
   1.0619947e+01
   1.7366813e+01
   3.4781617e+00
   1.3361279e+01
  -9.8918271e+00
   4.5823941e+00
   4.8493962e-01
   3.5388453e+00
   4.9071548e+00
  -7.4490387e+00
   1.0726884e+01
   2.0550376e+00
  -2.1255625e+00
   1.3352570e+00
   2.1516581e+00
   2.0835348e+00
   3.9915388e+00
   1.3132310e+00
  -1.5220201e-01
   7.8808348e+00
  -3.9117370e+00
  -1.8913883e+00
  -2.4977023e-01
  -9.9364467e+00
  -2.3430608e+00
   1.2674925e+01
  -5.1860787e+00
   3.8089341e+00
  -8.3052358e+00
  -3.7567214e+00
  -4.9076711e+00
  -9.6864271e+00
   2.4420569e-02
   1.3019002e+01
  -5.6138734e+00
   3.7173715e+00
  -3.7306929e+00
  -1.0869867e+01
  -1.4203670e+01
  -2.5776842e+00
   1.8765678e+00
  -4.7742379e+00
