   1.9262319e+01
   3.7331820e+00
  -9.7641008e+00
  -6.8868312e+00
  -1.8348933e+01
   6.6327501e+00
  -7.1789848e+00
   7.1994917e+00
  -1.0931186e+00
   8.0725222e+00
  -3.8629891e+00
  -3.1018675e+00
   2.2603576e+00
  -5.1089337e-01
  -5.7299953e+00
  -1.2860403e+01
  -4.8729844e+00
   1.7057852e-01
   9.9817697e+00
   1.1599448e+01
  -6.9558299e+00
   1.1759552e+00
  -1.5185274e+00
  -3.6214755e+00
  -5.2956211e+00
   5.1884595e+00
  -2.1118707e+00
   3.9788732e-01
   1.7012310e+01
   6.1677420e+00
  -8.5514542e+00
  -8.8601920e+00
  -9.8450112e+00
   8.1227182e+00
  -1.0112774e+01
  -1.4190478e+01
   1.3338552e+01
   4.7410095e+00
   1.3723874e+01
   1.7408463e+01
   3.6062272e+00
   3.5682867e+00
  -3.4479060e+00
  -3.5726664e-02
  -8.5375448e+00
  -2.9193842e+00
   1.1383130e+01
  -9.1570863e+00
  -6.8554649e+00
  -1.9335571e+01
