   3.6333998e+00
   6.3960662e+00
   3.1567016e+00
   4.2083128e+00
  -3.7541202e+00
   6.5945916e+00
  -1.1511879e+01
  -5.2917137e+00
   1.0071049e+00
   2.0550392e+00
   6.3364457e+00
   5.2632832e+00
  -4.5361113e-01
  -5.8279572e+00
  -6.0781006e+00
  -6.9357782e+00
   1.4751498e+00
   1.0736500e+00
   7.0937932e-01
   8.7525732e+00
  -5.4522063e+00
   5.7954334e+00
  -2.3758324e+00
   1.4792009e+00
   1.1766427e+00
   3.4660069e+00
   9.3914031e+00
   5.4007988e+00
  -3.8295960e+00
   1.2666780e+01
  -1.2439125e+01
   5.3411955e+00
  -2.9186442e+00
  -2.2082838e+01
   1.9456483e+00
  -8.2803032e+00
   8.5755630e+00
  -6.9173008e+00
   2.8399858e-01
  -9.0812260e-01
  -6.0986432e+00
   1.1262706e+00
  -2.2094892e+00
   1.4464551e+01
  -5.3232276e+00
  -2.6222564e+00
  -1.1245662e+01
  -4.6550805e+00
   2.1195686e+00
   3.2872044e+00
