   1.2465879e-01
   2.6656065e+00
  -5.2756157e-01
  -9.1964382e+00
  -1.2029979e+01
   2.0117421e+01
   9.6709405e+00
  -1.2864304e+01
   3.5669783e+00
   1.3455891e+01
  -5.5704467e+00
   6.2729709e+00
  -1.0491167e+01
  -1.3124959e+01
   7.9975309e-01
   1.0243084e+01
  -1.2877445e+01
   1.4399709e+00
  -4.6550617e-01
   1.6316161e+01
  -4.9509799e+00
   5.9343896e+00
  -1.5359910e+00
  -1.2486692e+00
   6.2088466e+00
  -8.8490162e+00
  -2.0770386e-01
   5.2905564e+00
  -5.8417429e+00
   7.7342880e+00
  -4.1083221e+00
   1.5406851e+01
   1.2999959e+01
  -7.6469101e+00
  -6.0513122e+00
  -5.1854730e+00
  -1.6397370e+01
  -5.2845027e+00
   4.8942585e+00
   8.0519083e+00
  -5.0953811e+00
  -7.1061418e+00
   8.5600418e+00
  -1.6357353e+01
   2.8771225e+00
  -3.3105050e+00
   4.7906541e+00
  -1.5363391e+00
  -4.7768243e+00
   4.1480738e+00
