   6.2974871e-01
  -2.6747403e+00
   1.0062871e+01
   3.6409084e+00
   5.4970393e+00
   5.7922356e+00
  -8.5872181e+00
   1.7354180e+00
   7.6394700e+00
   1.7197153e+00
   2.0165054e+00
   6.7182080e+00
  -9.4679730e-01
   2.4917879e+00
   2.3966085e+00
  -9.6923954e-01
  -1.3671603e+01
   7.0528080e-01
   6.0593483e+00
  -8.6754176e+00
  -4.1243426e+00
   1.6340858e+00
  -1.5110566e+01
  -1.2804272e+01
   1.4493165e+01
   2.7510427e+00
   4.5769692e+00
  -3.3252979e+00
   2.2228981e+01
  -6.3137151e+00
  -5.2025804e+00
   8.7179166e-01
   1.7392426e+00
  -3.5111309e+00
   2.6956220e+00
  -7.3575133e+00
  -1.0610814e+01
   4.9515420e+00
  -1.3870272e+01
   5.4009140e+00
  -4.0854179e+00
  -5.6026222e-01
  -7.5580375e+00
  -1.4955731e+01
   7.7268369e-01
   2.6420125e+00
  -4.1807229e+00
   1.2136874e+00
  -1.4179268e+01
   3.8864797e-01
