  -2.8006902e+00
  -3.5591787e+00
   5.5989433e+00
  -8.4941642e+00
   2.1064308e+00
  -1.2772957e+01
  -8.5684658e+00
   8.2051059e+00
  -1.0850205e+01
  -1.3848049e+01
  -1.2647320e+00
  -1.2124200e+01
  -8.2171971e+00
   4.4365181e+00
   6.3386702e-01
   1.2619599e+00
   1.7930036e+00
   2.0850015e+01
  -2.8962393e+00
  -4.2361530e+00
  -7.6098224e+00
  -2.8576273e-01
  -8.6791777e+00
   6.3481381e-02
  -3.2006281e+00
  -1.2826280e+01
  -1.3557996e+01
  -1.2875548e+01
   1.4974746e+00
  -2.4823967e+00
   1.7795057e+01
   6.6537276e+00
  -1.2523621e+01
  -1.0770447e+01
   4.1858395e+00
   1.2494204e+01
   1.0694878e+01
   6.5654523e+00
  -1.0702214e+01
  -1.6099310e+00
  -9.6458374e+00
  -1.5718890e+01
   1.2058809e+01
  -1.3169543e+01
   8.8202540e-01
   8.5454188e+00
  -1.5178724e+01
  -4.7662597e+00
  -1.0117760e+01
  -2.9604284e+00
