   3.5616339e-01
  -1.2345034e+01
  -9.1395357e+00
   6.0298838e+00
  -2.0099593e+00
  -1.0112515e+00
  -4.3022420e+00
   9.7356764e+00
   5.3102285e+00
  -1.1242171e+01
  -6.8258791e+00
  -9.5176239e+00
   6.3540638e+00
   1.4894547e+01
   1.1572443e+01
  -8.5091470e-01
   9.1686622e+00
   4.9332684e+00
   2.7584500e+00
   5.2678209e+00
  -7.4051714e+00
   1.7890999e+00
  -1.0745748e+01
  -5.5849651e-01
   1.6351610e+01
   4.2341994e+00
  -1.0215724e+01
   2.8198164e+00
   1.5741466e+00
   1.8290490e+00
   1.1146441e+00
  -2.6507670e+00
   1.0895705e-01
   1.5176820e+00
  -1.0596499e+00
  -2.4384873e+01
   7.2608292e-01
  -1.2602258e+01
  -5.3568235e+00
  -3.8581768e+00
   8.7422603e+00
   4.8943268e+00
  -3.8252014e+00
  -5.8072048e+00
   7.8400639e+00
   7.4062198e+00
  -1.1489513e+01
  -5.2249097e+00
  -6.7761947e+00
  -3.4081440e+00
