  -5.2826821e+00
   2.2348425e+00
   5.3864277e+00
  -1.7905090e+00
  -6.0429122e+00
  -1.2574771e+01
   1.3990757e+01
  -6.9167766e+00
   1.1909022e+01
  -4.9394302e-02
   1.2599656e+01
   1.0190824e+01
  -6.9427537e+00
   2.3938300e+00
   7.5516454e+00
  -3.3053189e+00
   5.7913642e+00
   7.5212902e-02
  -3.1193950e+00
  -7.0921588e+00
  -3.2918785e-01
   1.5499129e+01
  -1.1303285e+01
   1.5301850e+01
  -1.8956239e+01
  -3.7482871e+00
  -1.4370523e+00
   4.9113734e-01
   8.1164185e+00
  -1.2517823e+01
   8.8140583e+00
   8.6183337e+00
   4.4600312e+00
  -1.8010527e+01
  -8.1944925e+00
  -1.1780288e+01
  -8.8325296e+00
  -6.2062695e-01
   3.0679259e+00
   5.5172561e+00
   1.1479577e+01
  -7.4600940e+00
  -2.5272709e-01
  -9.6928612e-01
   1.4280073e+00
  -1.9236224e+01
   3.6766804e+00
  -6.7080471e+00
   6.0976866e+00
   3.9068543e+00
