  -1.3155491e+00
   2.1769178e+00
   1.0484575e+01
  -8.3059545e+00
   4.5669761e-01
   2.2112011e-02
  -1.4597474e+01
  -9.7340495e+00
  -1.0608410e+01
   1.7506430e+00
  -8.7279137e+00
  -3.0930514e+00
  -2.5667055e-01
   6.8515447e-01
   1.4510769e+01
  -6.3666615e+00
  -2.6831197e-01
  -6.9237909e+00
  -5.9931739e+00
   1.3326379e+01
  -5.9335616e+00
  -3.6729783e+00
  -1.2755563e+01
  -7.2574137e+00
   5.8101034e+00
   4.6657792e-01
  -8.3447879e+00
  -1.2919060e+01
  -3.2601182e-02
  -1.2239914e+01
  -3.6290514e+00
  -3.5482441e+00
  -6.9296902e+00
   7.9030406e+00
  -1.0753537e+01
   2.1137668e+00
  -1.3614263e+01
  -8.5380157e+00
  -1.8597449e+00
  -5.0157960e+00
   1.5948937e+00
   6.2292241e+00
   2.5606911e+00
  -1.6558255e+01
  -1.0085422e+01
   1.3059212e+00
   6.6286909e+00
   1.9521910e+00
  -6.6190162e+00
  -3.6543306e+00
