   2.3518598e+00
  -1.3433526e+01
  -2.8444389e+00
  -2.4767933e+00
  -3.3497642e+00
  -1.8123753e+00
   2.4879801e+00
   3.5120968e-01
   3.6146163e-01
   5.6500670e+00
   5.0854528e+00
   7.6568580e+00
   3.0492811e+00
  -1.6886504e+00
  -1.7702919e+00
  -2.8357311e+00
  -3.6200456e+00
   8.7313504e+00
   8.1151278e+00
   1.0661296e+01
  -3.3919314e+00
   9.3280672e+00
   2.4708160e+00
   6.4451583e+00
   8.5114146e-01
   1.4382128e+01
  -7.0125163e+00
   1.1289775e+01
  -1.7466037e+01
   3.3816320e+00
  -2.7288823e+00
  -3.7208926e+00
  -6.7562868e+00
   7.1855412e+00
   1.0411883e+01
  -8.7878846e+00
   5.1416522e+00
   1.7025701e+01
  -1.0402637e+00
   2.3797779e+00
   3.6071533e-01
   1.0898301e+00
  -1.0680684e+01
  -2.3379163e+00
  -4.7320697e-02
  -1.0378532e+01
  -5.8338594e+00
   3.9768329e+00
   4.9857798e+00
   9.9943035e+00
