   4.7512510e-01
  -7.6482566e+00
   5.0057401e+00
   5.8885689e+00
   1.0853566e+01
  -1.6982766e+00
   1.6196507e+01
  -3.7533587e+00
  -1.4116874e+01
   2.4903901e+00
  -1.0655853e+00
   4.0532018e+00
   8.9128632e+00
   4.3398376e+00
  -3.8370032e+00
   5.1994104e+00
  -3.2895222e+00
   1.1021273e+01
   8.0371718e+00
   4.1969083e+00
   8.0930029e+00
   3.4308031e+00
  -8.8356796e-01
  -9.4500038e+00
  -1.4317290e+01
  -1.7276587e+01
   1.3134896e+00
  -1.7414338e+01
   2.2147968e+00
  -1.3427977e+01
  -6.4206392e+00
   1.1995662e+01
  -4.6813118e+00
  -1.5593380e+00
   1.8297982e+00
  -5.4123854e+00
   6.1545225e+00
   4.5933744e+00
   2.2637117e+01
   8.0472246e+00
   9.0097604e+00
  -9.7429231e+00
   5.4882418e+00
   2.0310809e+00
   3.0538692e+00
  -5.5869687e+00
  -1.4304086e+00
  -1.4719848e+01
   4.1081290e+00
  -6.6347671e+00
