  -1.2063887e+00
  -8.4556750e+00
   1.2768625e+00
  -1.4269539e+00
  -3.0139752e+00
  -6.8522294e+00
  -4.6478321e+00
   1.4000418e+01
   1.5659409e+00
  -9.7900786e+00
  -1.2286385e+00
   7.9224305e+00
   1.4145680e-01
  -7.6601537e-01
  -6.9343592e+00
   9.4170815e+00
  -8.2135708e-01
   7.5676100e+00
  -5.7746311e+00
   1.8041198e+01
  -7.6846566e+00
   2.7432265e+00
  -1.2619494e+01
   4.0802374e+00
  -2.0607553e+00
  -5.3030099e+00
  -4.4454601e+00
  -1.2450652e+00
  -4.9674920e+00
  -7.2152580e-01
   1.3191072e+01
   2.9585538e+00
  -1.1956115e+00
   5.6683615e+00
   1.2553801e+01
  -1.2232044e+01
  -2.2640276e-01
  -7.4123110e+00
  -4.0236196e+00
  -5.0883824e+00
   4.0589909e+00
  -2.0217338e+01
   4.0809333e+00
  -1.3594544e+00
   1.0197668e+01
   5.0834193e+00
   3.3021314e+00
  -2.9749229e+00
   1.0201621e+01
  -7.9769206e+00
