   5.9874608e+00
  -6.6636534e+00
   4.3750108e+00
   1.5082951e+01
   4.6261811e+00
  -7.2515635e+00
  -1.7081705e+00
  -9.9693788e+00
   7.3515181e-01
  -7.6266584e+00
   1.6377313e+01
   8.5958109e+00
  -8.2204999e+00
  -1.0445972e+01
  -6.5883367e+00
  -4.2687835e+00
  -8.2252427e+00
  -2.4311647e+00
  -5.0259282e+00
  -5.7250523e-01
  -5.7366590e+00
  -1.8102341e+00
   5.2872858e+00
   1.4188355e+01
   2.5200176e+00
   4.7164982e+00
   3.7922362e+00
   9.0780318e+00
   8.5481660e+00
   2.3088106e+00
  -7.0928434e-01
  -1.2427133e+01
  -1.7884646e+01
  -1.7700063e+00
   1.6957782e+01
  -6.1929194e+00
  -4.4713308e+00
   1.0651542e+01
   7.3578911e+00
   3.2518610e-01
  -3.8391308e-01
   2.5286927e+01
   1.6496860e+01
  -1.7618892e+01
   6.8934680e+00
  -5.9799728e+00
  -1.2155367e+01
   2.0004893e+00
  -2.7082750e+00
  -4.9824894e+00
