   1.5925656e+01
   2.6743454e+01
   1.4836802e-01
   1.4108916e+01
   3.8007577e+00
  -9.9406046e+00
  -1.3436634e+01
   6.8043569e+00
   1.5754536e+01
   1.4489094e+01
   1.8651720e+01
  -1.8651671e+01
   1.5562020e+01
  -6.6989532e-03
   2.6795256e+00
   7.0051746e+00
  -2.4155340e+00
  -6.9452272e+00
   8.7000594e+00
  -3.3649394e+00
  -6.8513467e+00
  -8.6413861e+00
  -6.6083305e+00
  -7.6795970e-01
   4.6596456e+00
  -5.9394621e+00
   1.4188447e+01
   1.7051966e+00
   1.4007702e+01
   2.5414510e+00
   1.3757728e+00
  -2.6496391e+00
   7.1705145e+00
   5.2001321e+00
   4.9509778e+00
   9.9100040e+00
  -2.8782617e+00
   5.5367263e-01
   7.5889336e+00
  -4.7351891e+00
  -1.7053725e+01
   3.6587102e+00
  -7.5673662e+00
  -1.2325272e+01
   9.1550629e+00
   5.1176414e+00
  -1.2854404e+01
  -8.5734376e+00
   1.2874178e+01
   5.0363752e+00
