   1.2806558e+00
   1.0916620e+01
  -1.3082960e+01
  -1.2132207e+01
  -7.4328986e+00
  -1.3632938e+01
   4.5935228e+00
   6.2167740e-01
   1.4972822e-01
  -2.0649753e+00
  -1.2349662e+01
  -7.4516205e+00
  -2.6117460e+00
  -2.4584651e+00
  -9.5358227e+00
  -8.7306072e-01
  -1.0640251e+01
   3.0650035e+00
   1.2786734e+00
   9.5860720e+00
   8.0710946e+00
   1.3983304e+00
  -1.1583950e+01
  -7.4710462e+00
  -4.1763300e+00
   1.7550658e+00
  -1.3518404e+01
  -3.3229770e+00
   4.5735482e-01
  -9.7457522e+00
   1.2238086e+00
   1.3129977e+01
   3.9575609e+00
  -3.8273297e+00
   1.3718954e+01
   8.6821386e+00
  -9.9825574e+00
   6.6867090e+00
  -1.3523063e+01
  -4.1837804e+00
  -1.8799083e+00
  -4.2764477e+00
  -2.7451831e+00
   1.3139610e+01
  -9.8092957e+00
   1.1563588e+00
  -2.8022768e+00
   4.4696575e+00
  -4.3810994e+00
   2.9755502e+00
