   6.6396588e+00
  -1.9200687e+00
   4.4503593e+00
   1.3501528e+01
  -1.7351237e+00
  -7.5266975e+00
   4.9159260e+00
   1.1574884e+01
   2.6193985e+00
  -5.7859198e+00
  -5.2339951e+00
   1.5076957e+01
   6.2412907e-01
   6.1917266e+00
  -1.0978752e+00
   3.5450721e+00
  -3.1681561e+00
   3.0531557e+00
  -7.4189784e+00
   1.6691517e-01
  -1.5652752e-01
   4.6534241e+00
   5.6291576e+00
   1.1422218e+01
   7.0932905e+00
   1.0740043e+01
   1.2204624e+01
   5.0562139e+00
  -3.4994069e+00
  -1.5113604e+00
   1.3285496e+01
   9.2733889e+00
  -5.5144972e+00
  -1.5315984e+01
   2.6206050e+01
   1.9227790e+00
   1.2137589e+01
  -9.2605484e+00
   8.0574094e+00
   5.0688813e-01
   7.3991410e+00
  -6.3098539e+00
  -1.2055315e+00
   3.2221151e+00
  -2.4906518e+00
  -4.0098926e+00
   3.4539878e+00
  -6.1389874e+00
   1.4495162e-01
  -6.9962577e+00
