  -1.7335467e+01
   1.7119766e+01
  -1.3143317e+01
   8.4982429e+00
  -3.7415483e+00
   1.9167638e+01
   1.1130193e+01
   2.6903760e+00
   9.3540433e+00
   4.8001047e+00
   2.0193516e+01
   1.0888881e+01
  -4.7765536e-01
  -5.3753869e+00
   6.2586466e+00
  -1.4674588e+00
   1.3626468e+01
   8.6738226e+00
   2.8229708e+00
  -3.2871681e+00
   1.7352502e+01
  -2.1743589e+00
  -1.0426027e+01
   8.2010738e+00
   1.0118620e+01
  -6.9546889e-01
  -8.3221775e-01
  -1.2417065e+01
  -5.7520878e+00
  -4.5449141e+00
  -6.1378760e+00
  -1.0189956e+01
  -8.5224247e+00
   1.0971803e+01
   1.7290701e+00
   3.7148667e+00
  -1.1373488e+01
   7.0950668e+00
  -1.7898558e+00
   9.0972801e+00
  -3.4728171e+00
  -7.5268810e+00
  -5.9817698e+00
  -2.2640947e+00
   4.1520984e+00
   1.5949956e+00
  -9.9371235e+00
   6.6558935e+00
   9.6377000e-01
  -5.7537022e+00
