  -4.9214037e+00
  -1.4277413e+01
   7.9960487e-01
   1.6169506e+01
   9.9770609e+00
   1.5238709e+01
  -1.1764872e+01
  -1.9698779e+01
  -1.6537553e-01
   5.0832369e+00
   1.5303604e+01
  -6.2245665e-02
  -4.1435419e+00
   5.7041890e+00
   1.1868186e+01
   2.2370287e+00
  -2.2329586e+00
  -1.3878899e+00
   5.3571310e+00
   1.2969460e+00
  -3.1549401e-01
   6.0336643e+00
  -3.9138774e-01
   1.4472503e+00
  -1.2721643e+00
  -1.4212824e+01
   2.4310102e+00
  -6.9197518e+00
  -1.7782552e+00
  -2.1551028e+00
   5.1854279e-01
  -2.9479054e+00
  -5.2681466e+00
  -8.5421904e+00
  -5.2895251e+00
  -1.4904674e+00
   1.2572264e+01
   8.3369235e+00
   7.3020089e+00
  -7.6874512e+00
  -1.1756405e+01
   4.9362901e+00
   3.6778373e+00
   1.3934994e+00
  -1.0990178e+00
  -2.7916575e+00
   7.5382084e+00
  -3.5114583e-02
  -7.2614311e-01
  -1.0667444e+01
