   1.0340247e+01
  -1.7091906e+01
  -4.7816258e-01
  -8.1608449e+00
   4.3794359e+00
   7.5807010e+00
  -2.1468706e+00
   4.8575931e+00
  -2.1406320e+00
   1.3316334e+01
   5.6638421e-01
   8.9289975e-02
  -1.1297146e+01
  -1.8112955e+01
  -1.0505575e+01
   1.0122142e+01
   4.5707167e+00
   1.8377178e+00
   3.1289601e+00
  -6.6545263e+00
   6.4585244e+00
   7.2669928e+00
  -7.0262982e+00
  -3.4500934e+00
  -1.0727522e+00
   1.0693337e+00
  -5.8277139e+00
  -1.0386247e+01
   5.0206042e+00
  -2.5461558e+00
   7.7986402e+00
   7.7979431e+00
  -4.4370744e+00
   5.3283831e+00
  -2.5735260e+01
  -4.0538554e+00
   5.8185443e+00
  -1.2496337e+01
  -4.9145669e+00
   4.9891341e+00
  -9.6597155e+00
   4.3494485e+00
  -2.5240300e+00
  -1.6051924e+01
   1.0419279e+01
  -3.7251924e+00
   7.1071572e+00
  -5.5834752e+00
  -6.1332728e+00
  -7.3263340e+00
