  -7.7498129e+00
   9.7829995e+00
  -1.4520186e+01
  -1.2018719e+00
  -7.7764902e+00
  -4.6242769e-02
   7.9904360e+00
   9.3717610e+00
  -1.0565381e+01
   1.2447276e+01
   4.6867237e+00
  -9.7797286e+00
   1.4778011e+00
  -7.7226101e+00
   6.9631751e+00
   1.0945334e+01
   1.1116238e+01
  -4.3532027e+00
  -1.8802231e+00
   3.1240150e+00
  -8.0056232e+00
  -1.2492047e+01
   1.6090822e+00
  -1.1951802e+01
  -1.0105009e+01
   5.6088414e+00
   1.2483051e+01
  -3.3961097e+00
  -6.5323058e+00
   7.4754025e+00
   2.1525585e+00
  -1.6932936e+01
  -7.5563496e+00
  -1.3374482e+00
   1.1276165e+01
   2.2900991e+00
   3.0860574e+00
  -5.1666934e+00
   4.4981769e-01
   3.8340069e+00
  -4.9086949e+00
  -4.6777099e-01
   3.6479620e+00
  -1.9740441e-01
  -2.1160716e+00
  -4.1907255e+00
   5.2544252e+00
   3.2854977e+00
   1.5592036e+00
   5.3630010e+00
