   3.4667218e+00
  -1.0973390e+01
   3.5113966e+00
   1.0239974e+01
  -1.5092524e+01
   1.1910261e+00
  -4.2961880e+00
  -4.4506435e+00
   3.2044502e+00
  -3.1317715e+00
  -9.2160636e+00
   1.3067194e+01
  -1.8561462e+00
   7.8891578e+00
   1.3530937e+01
   1.0258223e+01
  -4.1581487e+00
  -6.3024039e+00
  -1.1116459e+01
   5.3966703e+00
   6.3769715e+00
   6.0804085e+00
  -1.1073862e+00
  -6.4927005e+00
  -9.9646925e+00
   1.0931587e+01
   3.8544891e+00
  -1.2026937e-01
   8.1061263e-01
  -4.7841437e+00
   1.0128375e+01
  -5.8457236e+00
   1.7988170e+00
  -1.3917139e+00
   1.2601969e+01
   9.6552581e-01
   1.2977217e+01
  -6.5936537e+00
   6.3287701e+00
  -4.2637383e+00
  -6.4979845e-01
   1.0057484e+01
   3.4586212e+00
  -1.1685821e+01
  -1.1773736e+00
  -5.3123444e+00
  -3.2477302e+00
   1.6197310e+00
  -1.5997827e+00
  -3.2462571e+00
