   4.3036601e+00
   1.1093365e+00
   7.9027939e+00
  -8.3117586e+00
   1.1293420e+01
   1.3210664e+01
  -8.5218311e+00
   6.7948686e+00
  -9.9339634e-01
  -9.7299086e+00
  -3.2677626e+00
  -6.1515944e+00
   1.1695329e+01
   1.3352970e+01
   1.3002061e+00
   9.1422404e+00
  -2.9905602e+00
  -1.3657864e+01
   2.1525024e+00
   4.0432946e+00
   7.6394548e+00
   7.0933113e+00
   1.0108463e+01
  -1.3886192e+01
   5.3109820e+00
  -1.2404927e+00
  -5.6339259e+00
   3.3055497e+00
  -3.8841836e+00
   9.6186961e-01
   6.3103079e+00
  -1.3603740e+01
   2.7873004e+00
  -7.3691971e+00
  -4.0682755e+00
   1.4599234e+01
   3.5718205e+00
   4.6498974e+00
  -2.7811564e+00
  -6.6033511e+00
   5.9819616e+00
   6.0148870e-01
  -5.6362105e+00
  -4.1510791e+00
   4.5108507e+00
   1.2833054e+01
  -3.4747300e+00
  -1.0856260e+01
  -4.4846599e+00
   1.7653862e+00
