  -1.1032138e+01
  -1.4566080e+01
   5.0478117e+00
  -8.1209029e-01
  -1.1666337e+01
  -3.2304094e+00
   7.8791635e+00
  -7.6702901e-01
  -5.5971662e+00
   7.1294319e+00
  -4.5577496e+00
  -1.9045786e+00
   1.5760314e+00
   7.1107004e+00
  -2.2355931e+00
  -7.8897810e-01
   9.5923690e+00
   9.9213736e+00
  -4.6911329e+00
   6.5983987e+00
  -2.4241897e+00
  -6.4523983e+00
   3.6718108e+00
   8.6211171e+00
   9.0033685e-01
  -1.0013969e+01
   3.0882752e+00
   4.9858387e+00
   3.5024099e-01
  -6.7416110e+00
  -7.1361276e-01
  -3.0347349e+00
   1.8663060e+00
  -4.7451996e+00
  -2.9827386e-01
   5.9327057e+00
  -3.6908918e+00
  -1.7475111e+00
   3.9584049e-02
   9.5759858e+00
   1.1197438e+01
  -1.8663282e+01
  -1.0102337e+01
   8.5829330e+00
   3.7914099e+00
  -6.3282104e-02
   1.7191381e+01
   1.6797458e+01
  -1.2382766e+00
   2.6095692e+00
