  -1.2962557e+01
   7.9145597e+00
   2.2541968e-02
   4.7756929e+00
   1.4937876e+00
  -5.3524119e+00
   2.3987097e+00
  -6.7628874e+00
   1.0559635e+01
   7.6697490e+00
   1.1516071e+01
   1.5597303e+01
  -8.1611264e+00
  -3.7512495e+00
  -1.1920884e+01
  -3.8972410e+00
   2.5009849e+00
   5.6591673e+00
   6.3152189e+00
   4.1908560e+00
  -1.2006459e+01
  -2.1038037e-01
   4.2889322e+00
  -3.5998590e+00
   1.2191840e-02
   6.6183376e-01
   2.2507643e+01
  -9.4832784e+00
  -3.2117762e+00
  -6.1638064e+00
   2.8118035e+00
  -4.6982649e+00
   1.1173343e+00
  -8.0681540e+00
   4.9895171e+00
  -5.6545575e+00
  -1.5012236e+01
   1.5144939e+01
   1.4323328e+01
   4.9668301e+00
   1.3460952e+01
   2.0360989e+00
   8.7575665e+00
   4.6125260e+00
   3.4454970e+00
  -2.5198607e+00
  -4.6624729e+00
  -9.0505628e+00
   5.1057248e+00
   4.5065113e+00
