  -1.2524278e+00
  -1.7325671e+01
   3.4003581e+00
   3.2594228e+00
   7.5483026e+00
  -1.1336602e+01
   1.5608719e+00
  -9.7249722e-01
  -5.2715789e+00
   1.4574171e-01
   8.1551773e+00
  -9.9794176e-01
  -1.7162809e+00
  -2.1727665e+01
   7.7310548e+00
   5.2595696e+00
  -9.2784033e+00
  -7.2207831e+00
  -8.4050217e+00
   5.9702992e+00
   6.9867294e+00
  -7.2923877e-01
   2.6764959e+00
  -2.4870067e+00
   7.5434209e+00
   2.2203589e+00
   5.0869081e+00
   8.8833879e+00
  -1.3569479e+01
  -3.4078870e+00
   1.1737293e+01
   1.3351722e+01
   5.3233217e-01
   8.8367678e+00
  -1.2736293e+01
   8.2120500e+00
  -1.6782574e+01
   3.0143968e+00
  -1.5185619e+00
  -3.0765049e+00
   1.1707214e+01
  -7.7302973e+00
  -3.3663368e-01
  -2.0586464e+01
   1.2942039e+00
  -2.4267772e-01
   6.0718225e+00
   7.7163111e+00
   7.9452040e+00
  -6.1296568e-01
