   1.5005468e+01
  -7.0852580e+00
  -3.4992487e-01
   6.4631017e+00
  -2.8829802e+00
  -1.0118103e-01
  -4.3878212e+00
   2.2265740e+00
  -7.2290774e+00
   7.3753448e+00
   2.2664931e+00
   1.0538931e+01
   1.2626056e+01
   1.0796350e+01
   2.3236969e+00
   3.2151472e+00
   2.2211872e+01
  -4.4498388e+00
  -1.1120426e+01
  -3.9502738e+00
  -1.3302806e+00
  -1.1877234e+01
   1.0827964e-01
  -8.3650187e+00
  -1.4532642e+01
  -1.1316802e+01
  -7.2516383e+00
  -7.8634646e+00
   3.7954625e+00
   5.2060773e+00
  -1.4531648e+01
  -1.5599720e+01
   1.3474735e+01
  -8.5747405e+00
  -5.5729645e+00
   1.1638359e+01
   3.6199331e-02
   7.3789695e+00
   2.8296637e+00
  -6.8269924e+00
  -7.7931900e+00
  -5.0105014e+00
  -4.3886097e+00
  -7.9954032e+00
  -2.2292000e+00
  -8.8695461e+00
  -2.6438958e-01
  -2.4957537e+00
  -1.8396680e+01
   7.0824259e+00
