   6.2398791e+00
  -5.9253775e+00
   3.5138198e+00
   1.4460407e+01
   1.3041412e+01
   9.8271328e+00
  -5.2130964e-02
  -4.4924438e+00
  -6.8192786e+00
   3.5203967e+00
   2.1454754e-01
  -1.1505966e+01
   8.3801076e+00
  -9.6490146e-01
   5.5591103e+00
   1.5712811e+01
  -2.1754114e+00
   1.4314438e+01
  -2.6896036e+00
   6.7317137e+00
  -1.5034074e+01
   1.9167599e+00
   6.2254874e+00
   1.8561482e+00
  -1.6335260e+01
   9.1864760e-01
  -3.7909156e+00
  -1.3673908e+01
  -1.5784444e+01
   3.0129220e-01
   1.4551339e+00
   4.2980391e-01
  -7.8189747e-01
  -1.8139990e+00
  -7.8714195e+00
  -7.1853500e+00
  -1.7979132e+00
   6.4279733e+00
  -3.6630217e+00
  -1.8317765e+00
   9.5633640e+00
   3.4606426e+00
  -3.5872130e+00
   1.4097713e+01
   1.6557623e+00
  -2.4910116e+00
  -5.1649986e+00
  -3.7483204e+00
   3.2375041e+00
  -4.4589430e+00
