   5.7701806e-01
   4.2485509e+00
  -4.8061597e+00
   4.1628123e+00
  -3.5435546e+00
   1.4449174e+01
  -1.0501181e+01
  -8.6143613e+00
   8.2230578e+00
   4.4811360e+00
   1.1268416e+00
  -6.0417622e+00
  -1.8146835e+00
  -7.8508528e-02
   1.6847557e+00
  -3.0716750e+00
  -5.6910845e+00
  -1.4788629e+01
   7.0644481e+00
   4.9670242e+00
   1.5360706e+01
  -9.2218017e+00
  -4.7531250e+00
  -4.8976743e+00
  -2.7166005e+00
  -1.0395993e+01
  -8.6861975e-01
   4.1317344e+00
   3.7615782e+00
   5.4627139e+00
  -1.7971319e+01
   7.8986275e+00
  -6.0841250e+00
  -2.3465706e+00
   8.1338460e+00
  -1.0331240e+01
   2.1771698e+00
   3.5692751e+00
  -1.2464473e+00
  -8.2239031e+00
  -3.9752928e+00
  -3.9439497e+00
  -1.5036363e+00
   2.6606854e+00
   1.1262189e+01
   1.8555039e+00
  -8.9307531e+00
  -8.0931538e-01
   2.3089996e+00
  -1.1452532e+00
