  -3.6244519e+00
  -1.4392917e+00
   2.7437661e+00
  -3.6768272e+00
  -1.6237181e-01
  -6.2667541e+00
  -4.8175964e+00
  -9.7415893e+00
  -7.1708579e+00
   5.1162081e+00
   4.7501346e+00
  -3.1266261e+00
   8.3415777e+00
   7.2685492e+00
  -9.8596737e-01
   4.3157752e+00
   7.3688542e+00
   1.3779629e+00
  -4.4036077e-03
   3.4063163e+00
  -6.8668528e+00
  -1.5043639e-01
   8.8071300e+00
  -1.0417088e+01
   2.9196328e+00
  -5.4475019e+00
  -8.3031990e+00
  -1.9123625e-01
   4.4131736e+00
   5.6099732e+00
  -1.2006764e+01
  -2.0048969e-01
   5.9447650e+00
   5.2014458e+00
   5.1077732e+00
  -9.4998770e+00
   3.0545098e+00
  -2.0022323e+00
   7.9213293e+00
   3.9898265e+00
  -2.6698010e-01
  -1.5893862e+01
   1.4370336e+01
  -3.9396012e+00
   6.6851296e+00
   1.2517269e+00
   4.3001759e+00
  -9.1075229e+00
   1.3814616e+01
   3.1373922e+00
