  -6.4312902e+00
  -2.6355347e+00
   3.1651535e+00
  -1.0663874e+01
   1.6167052e+00
  -4.9940697e-02
   7.9507266e+00
   8.4698850e+00
   1.0929859e+01
   5.5116747e+00
   4.8502536e+00
  -5.7521828e+00
   6.1234464e+00
  -4.6623362e+00
   3.9144828e+00
  -2.5128917e+00
   5.9232934e+00
   5.3487789e+00
   5.5530030e+00
  -3.6482793e+00
   7.0705913e+00
   1.1254393e+00
  -9.4853608e+00
   2.7735439e+00
   7.2139061e+00
  -7.5899773e-01
  -1.9501395e+00
   7.7284012e+00
   4.4684798e+00
  -9.3875759e+00
   1.2310920e+01
  -4.2916196e+00
   7.0560111e-01
  -9.9715552e+00
   1.7379809e+01
   4.6849082e+00
  -1.1853756e+01
  -1.4462642e+01
  -3.6191287e+00
  -2.4911356e+00
  -8.3817469e+00
  -3.0475624e+00
   2.7890503e+00
   2.6293231e+00
  -2.8391978e-01
   1.5551024e+01
   3.8149538e+00
   8.4353392e+00
  -2.4476326e+00
  -1.0184499e+01
