  -1.3349149e+01
  -5.1549634e+00
  -3.8543027e-01
   3.5892859e+00
   8.6636101e+00
   6.9458014e+00
   8.2469828e+00
  -3.7731008e+00
   6.2407611e+00
  -1.3259959e+01
  -4.2510912e+00
   7.3421219e-01
  -1.1427122e+01
  -3.6390903e+00
  -1.3560067e+00
  -7.0593924e+00
   1.0778281e+00
  -1.0013546e+01
   1.3252451e+01
   1.5363911e+01
  -1.1816159e+00
   3.1308273e+00
  -1.6677951e+00
  -2.5178540e+00
  -4.1357763e+00
   1.3198250e+01
   1.8331625e+01
  -4.6927558e+00
   8.0445468e+00
  -1.8817107e+00
   1.0818458e+01
   1.9896244e+00
   8.3617234e+00
  -2.1285467e-01
   1.6913508e-01
   7.7870089e+00
   1.3821166e+01
  -4.6182291e+00
   1.5782814e+00
   6.5764066e+00
   1.9146389e+00
   1.2418456e+00
   3.9873582e+00
  -1.9255517e+00
   4.5092596e+00
   6.9922682e+00
   2.8816085e+00
   9.3982777e+00
   1.1595751e+01
   3.8139075e+00
