   3.6052673e+00
   3.6327512e+00
   5.9546766e+00
  -1.6629799e+01
  -8.7543817e+00
  -4.8804407e+00
  -1.2192662e+01
   1.3712542e+01
   2.9255054e+00
  -1.8512775e+00
   9.2887235e+00
   3.7160773e+00
  -7.0811832e+00
   1.0034125e+01
   5.2895049e+00
  -1.2267037e+01
  -4.9596428e+00
  -2.4333354e+00
   1.1377929e+01
   1.0545597e+01
  -8.9661300e+00
   7.3597538e+00
  -1.9690633e+00
  -4.5153723e+00
   9.3443552e+00
   4.7737572e+00
   1.0710482e+00
  -1.8575836e+00
   6.5539706e+00
  -9.7810926e+00
   9.6055176e+00
  -4.4054104e+00
  -1.0231520e+01
  -1.2025924e+01
   1.4340825e+01
   3.1949962e+00
   4.1956557e+00
  -8.4942594e+00
   1.0792646e+01
  -1.1721674e+01
  -4.6174554e+00
   1.4444642e+01
   7.7382759e+00
   8.4067318e+00
   7.7998894e+00
   9.8705440e-01
   1.0788602e+00
   1.6311137e+01
  -3.6667744e+00
  -2.0472981e+00
