   9.2056859e+00
  -1.0297134e+01
  -4.2445246e-01
   1.8552518e+00
   7.1681233e+00
   5.8627848e+00
   1.5287159e+01
   4.3199981e+00
   6.8449867e+00
   1.6382285e-01
   6.8307490e+00
  -4.1241751e+00
  -7.6761980e-01
   3.2124930e+00
  -3.3842248e+00
  -1.1576808e+01
  -7.3242871e+00
   7.5197822e+00
  -8.1117815e+00
  -1.4383723e+01
  -6.4394115e+00
  -9.4192347e-02
   3.9976040e-01
  -2.0816492e+00
  -1.9782155e+00
   1.9978469e+01
   3.0244662e+00
  -3.0764092e+00
  -1.3389315e+01
   7.7248883e+00
   4.5273309e+00
  -1.0049804e+00
  -5.4032605e+00
  -1.4713274e+01
   8.4988108e-01
  -2.0165546e+01
  -8.3332667e+00
  -4.2897567e+00
   2.2209223e+00
   7.7755051e+00
   3.4343595e+00
   4.5168418e+00
  -1.7359219e+00
   7.6550383e+00
  -1.1384030e+01
   2.5557568e+00
  -3.2963025e+00
  -2.3082004e+00
   7.8805113e+00
   5.4666452e+00
