   5.1216814e+00
  -4.7034251e+00
   1.1933705e+00
  -7.6635550e+00
  -3.6281790e+00
   7.6109689e+00
   6.8715174e-01
  -1.0673153e+01
  -1.8410248e+00
  -8.2018170e+00
   3.1616328e-01
   5.9496975e+00
   5.2824003e+00
   2.8701878e+00
   4.4807228e+00
  -1.7275803e+01
  -4.0097462e+00
  -2.6506170e+00
   1.1447942e+01
   2.0645232e+00
  -1.3665742e-01
  -1.2746120e+01
   1.5916495e+01
  -2.0053082e+01
   5.8587026e+00
  -1.7659338e+01
   2.2360040e+00
   4.1180565e+00
  -1.2128836e+01
  -2.8596774e+00
  -5.5381074e+00
   5.1983429e+00
  -7.1531889e+00
   8.1072576e+00
   4.6677156e+00
  -9.7287525e+00
   2.7555293e+00
   2.4337823e+00
  -4.6850106e+00
   9.9290378e+00
  -1.8003193e-01
   1.8014873e+00
   1.7728182e+01
  -5.9526886e+00
  -1.2405608e+01
   1.7980159e-02
   1.1510001e+01
  -1.3790545e+01
   2.6891743e+00
   2.4258305e+00
