   9.0586134e+00
   3.4122558e+00
  -1.3301813e+01
  -2.5986656e+00
   1.1078934e+01
  -6.0336554e+00
   2.3638991e+00
  -1.3587893e+01
  -3.7565081e+00
   4.1729197e+00
  -1.1338238e+01
   1.3490001e+00
   2.9888009e+00
   8.5542926e+00
   1.2240095e+01
   4.7884943e+00
   1.2461800e+00
  -2.6356926e+01
  -4.2947224e+00
  -9.4139515e-01
  -5.1623987e+00
   3.4294871e+00
  -6.3996007e+00
  -4.8240041e-01
   5.9932048e+00
  -6.0658451e+00
  -3.9227682e+00
   9.1132070e+00
  -6.1588241e+00
   1.5289555e+01
   7.4970897e+00
   5.2695529e+00
   2.4299789e+00
   6.6542437e+00
   3.0793540e+00
  -1.0468239e+01
   7.9448859e+00
  -1.5188832e+01
  -1.4540170e+00
  -1.5980948e+01
   3.3418755e+00
  -1.6084631e+00
   4.9382133e+00
  -9.1652225e+00
   1.4414114e+01
   7.7378038e+00
   3.2064517e+00
   1.2099635e+01
  -6.7145947e+00
   2.6336292e-01
