  -1.0301350e+01
   5.1542775e+00
  -1.0739852e+01
  -1.8225123e+01
   2.2482177e+00
  -1.9799662e+01
  -7.5203275e-01
   2.5022520e+00
   2.2658158e+00
  -5.4894998e-01
   4.0012929e+00
   8.9973777e+00
  -3.1498228e+00
   1.3211779e+00
  -9.6996712e+00
  -1.1761558e+01
   1.3331722e+01
   7.5320858e+00
   7.5857836e+00
  -6.5152586e+00
   6.6572413e-01
  -9.4027749e+00
   1.3040269e+00
  -5.8976455e+00
   2.0132041e+00
  -1.3389191e+00
   2.3613984e-01
  -3.4204455e+00
  -5.3188805e+00
  -1.7219993e+00
   6.4246512e+00
   4.0884213e+00
   7.9602053e-01
  -8.2480174e+00
  -7.7056148e+00
   7.8882768e-01
   1.7830889e+01
  -5.2019831e+00
  -9.5203286e+00
   6.4134813e+00
  -3.5986443e+00
   4.2220575e+00
   3.6957401e+00
   1.0070268e+01
   4.1894554e-02
   4.2580432e+00
   8.3684661e+00
  -5.0878027e-01
  -2.2144035e+00
   4.5920402e-01
