  -1.9892022e+00
   5.8522515e+00
   4.5071752e+00
   1.0478132e+00
   1.1161133e+01
   2.9972905e+00
   1.3699680e+01
  -1.2755906e+01
   1.0347804e+01
   9.4634185e+00
  -1.4719500e+00
  -3.6866648e+00
  -1.8208373e+00
  -9.9758869e-02
  -1.4533300e+00
   3.4511648e+00
  -1.4781969e+00
  -4.0742073e+00
  -8.6752341e+00
  -5.5083385e+00
   7.2003505e+00
  -7.4038685e+00
  -4.4196600e+00
   2.5168170e+00
  -8.5605759e+00
   7.2455729e-01
  -9.1641436e+00
  -9.6966809e+00
   7.9459138e+00
   6.7705432e+00
   3.1521488e+00
  -3.3382745e+00
   6.5778580e+00
   3.4092508e+00
  -7.0086449e+00
   7.0912402e+00
  -1.0341802e+01
  -5.0528374e+00
   8.3276457e+00
  -2.0056858e+00
   1.6019990e-01
   1.1132861e+01
   6.5655640e+00
  -2.4599211e+00
  -9.0834484e+00
   7.3002958e+00
  -1.0806095e+01
  -1.2156400e+00
  -5.9646245e+00
  -3.9005972e-01
