  -1.8502329e+00
   1.0064202e+01
  -1.1230023e+01
   1.8583727e+01
   3.3622856e+00
  -8.8820664e+00
   2.7322660e-01
  -1.2113643e+00
  -8.3195991e-01
  -7.7367411e+00
  -6.4193490e+00
  -6.3933626e+00
  -1.8054566e+01
  -2.6385405e+00
   2.2483207e+00
  -1.4707611e+00
  -4.8127874e+00
   7.6868903e+00
  -2.6383210e-01
  -3.4436414e+00
  -1.3331892e+00
   2.3677273e+00
   4.3421931e+00
  -4.1385898e+00
   3.0343013e+00
  -1.4785494e+01
   9.9933802e+00
  -5.2270688e+00
   7.6206362e+00
   8.9672028e+00
   3.9878666e+00
  -3.4584672e+00
  -3.7161075e+00
  -6.5498340e+00
  -1.0469635e+01
  -4.3970889e+00
  -7.7733833e+00
  -4.2940502e+00
  -8.5606257e+00
   1.1871497e+01
  -9.1450305e+00
  -2.3115926e+00
   7.5053637e+00
   2.1497977e+00
  -1.0938056e+01
   4.9670877e+00
  -6.0966284e+00
  -8.8755873e+00
  -1.0889454e+01
   4.3176694e+00
