  -3.7686458e+00
   9.5885062e+00
  -8.1263267e+00
  -6.1792529e+00
   3.7215876e+00
  -4.2537379e-01
   6.4302270e+00
   6.6870408e+00
  -9.6663373e+00
  -8.8873540e+00
   1.6206743e+00
  -1.5992958e+01
  -6.5430172e+00
  -5.4650896e+00
   3.8911302e+00
  -1.5393724e+00
   4.8392090e+00
   3.6761341e+00
  -1.3392883e+00
   1.2703527e+00
  -6.7881595e+00
  -4.6230711e+00
  -6.0921579e-01
   3.9805429e+00
   1.8864897e+00
  -5.8471501e+00
  -1.8863410e+00
   7.1365232e+00
   1.2509310e+00
  -2.4635415e+00
  -3.8268900e+00
  -5.0645666e+00
   4.6752677e+00
   1.0372744e+01
   2.5144928e+00
   1.4408057e+01
   5.2086487e+00
   8.2584033e-01
  -2.2403413e+00
   1.2135589e+00
   5.3379614e+00
  -1.2918578e+01
   2.9155884e+00
  -2.4211662e+00
  -1.3297312e+00
   2.4594694e+00
   9.0284301e-01
  -1.2502722e+01
  -2.4142797e-01
  -6.1888489e+00
