   7.5509099e+00
  -4.0883352e-01
   7.5268738e+00
  -1.8267567e+01
  -8.2891010e+00
  -5.9452966e+00
   1.5885643e+01
  -8.5518046e-01
   1.3034758e+00
  -1.0419089e+01
  -1.2645700e+00
   7.8110070e-01
   4.9064113e-02
   2.0268042e+01
   1.5592388e+01
   1.2726957e+01
  -1.1075606e+01
   2.8315563e+00
   1.8337206e-01
   7.4206677e+00
   1.6445982e+00
   1.2620866e+00
   1.0503794e+01
  -1.5191229e+01
  -5.1598247e+00
   1.4316894e+01
   1.2039020e+00
   1.0940856e+01
   3.1337312e+00
  -1.7985806e+00
   1.4115809e+00
   1.0540729e+01
   3.8090336e+00
   4.4566812e+00
  -1.5722958e+00
  -4.2828341e+00
  -5.0333464e+00
  -1.0845271e+01
  -1.1291162e+01
  -7.3203413e-01
  -9.0180595e+00
   4.3354895e+00
   3.0646658e+00
   5.5061847e+00
  -8.1829835e+00
   4.7010046e+00
   6.1470028e+00
   6.8337128e+00
  -1.1295169e+00
   8.1841433e+00
