   6.0739032e+00
   6.1660406e+00
  -6.4343405e+00
   8.9756904e+00
  -1.6638123e+00
  -4.8292935e+00
   7.4780075e+00
  -2.7804516e+00
  -5.1124863e+00
  -2.1688067e+01
   8.7966535e+00
  -3.7371283e+00
   6.6976521e-01
   1.2660047e+01
  -1.2968249e+00
  -1.4356630e+00
   3.5316692e+00
   1.6569050e+00
   5.2996884e+00
   5.1082275e+00
   6.0922612e+00
   7.3071731e+00
   5.0686614e+00
   1.0897008e+00
   1.4086161e+01
   5.4585792e+00
  -5.0373237e+00
   6.3431567e+00
   2.7803093e+00
   4.3925360e+00
  -5.2279426e+00
  -3.6791047e+00
   5.2658873e+00
   3.4016837e+00
   2.4042642e+00
   3.6297845e+00
   6.9841629e+00
   8.5666570e+00
  -6.1006914e+00
  -6.2443958e+00
  -1.1198186e+01
   5.3297754e+00
   1.6204647e+01
   2.6377342e+00
   4.7334473e+00
   1.2097832e+01
   1.0075092e+01
  -5.8714675e+00
  -8.0595157e-01
   1.0940709e+01
