   1.0034857e+01
  -1.3885992e+01
   7.6109607e+00
   5.8472488e+00
  -4.8001884e+00
  -6.5880807e+00
  -1.1139298e+00
   6.7224837e-02
   3.0404459e+00
  -7.8988094e+00
   1.7162893e+01
  -7.0063543e+00
   1.1459644e+00
   4.3572954e+00
   8.0718965e+00
   1.6620246e+01
  -1.1772842e+01
  -2.4443301e+00
  -6.4209122e+00
  -1.6268627e-01
  -5.2151619e+00
   1.1761122e+01
  -6.3589826e+00
  -1.8203093e+00
   1.6605806e+00
  -1.2992884e+00
   6.2840671e+00
  -9.6670699e+00
  -8.2714453e+00
  -1.1782982e+01
  -1.4638799e+01
   1.1660596e+01
  -2.7149411e-01
  -5.9971633e-02
  -1.8117971e+01
   1.0271324e-01
   1.5735427e+01
   7.6389314e-01
   1.0161354e+01
  -8.9803496e+00
   1.0054672e+01
   6.9005709e+00
   1.2283829e-02
  -9.2785746e+00
   4.8548336e+00
  -1.7736977e+00
  -1.0116638e+01
   1.2514354e+00
   4.0992525e-01
  -3.4873787e+00
