   5.7788806e+00
   3.6502849e+00
   5.3447267e+00
  -4.2291545e+00
  -5.5454378e+00
   4.9481026e+00
   9.7238767e+00
  -2.1478957e+01
   2.0600701e+01
  -1.1299406e+01
  -8.0177510e+00
   4.9291957e+00
  -6.1729632e+00
  -6.2530302e+00
   4.2247857e-01
   6.0981026e+00
   1.3290887e+01
   1.3841804e+01
  -5.3064263e+00
   5.0510149e+00
  -3.2837328e+00
  -9.1154949e+00
   9.5182652e+00
   7.4785293e+00
  -4.5201947e+00
   9.7518055e+00
  -2.9584600e+00
   3.0192345e+00
  -7.2272868e+00
   3.1981792e+00
  -8.7426598e+00
   4.9993878e+00
   9.6518984e+00
  -3.3188774e+00
  -7.8470406e+00
   2.8843042e+00
   1.4132602e+01
  -3.2695953e+00
  -1.3519989e-01
  -5.5702201e+00
  -8.4696610e+00
   3.2695205e-01
   4.2066586e+00
   2.4736279e+00
   1.6970609e+01
   4.1688207e+00
   5.4632786e+00
   8.2816132e+00
   4.8853860e+00
   1.5065254e+01
