  -3.9555758e+00
   3.9731788e+00
  -1.5379876e+00
   9.4569747e+00
  -2.4695645e+00
  -5.1017428e+00
   5.1261871e+00
   1.4460445e+00
  -1.3163200e+00
   5.4356918e+00
  -3.0311198e+00
   6.3146011e+00
  -8.8620195e-01
  -4.9462046e+00
  -6.0092250e+00
   1.6397297e+00
  -5.6385363e+00
   4.5287914e+00
   1.0853897e+01
   7.0082752e+00
   6.1995752e+00
   9.7329050e+00
  -8.4596156e+00
  -8.8115161e+00
  -4.1627170e+00
  -1.6557244e+00
  -7.0497645e+00
  -8.7351208e+00
   4.5269644e+00
   2.9618871e+00
   4.4010367e+00
   1.6340471e+01
   1.0076216e+00
  -1.4652393e+00
  -9.7959931e+00
   6.4516324e+00
  -2.8153749e+00
   1.6671462e+01
   7.0324452e+00
   1.2308344e+01
   3.1174274e+00
  -8.5243983e+00
  -6.1230949e+00
   3.8288402e+00
   4.6317163e+00
   3.7522092e+00
  -7.6605119e+00
  -1.7161961e+00
  -6.8643370e+00
   6.4410773e+00
