   2.7764155e+00
  -9.3074327e-01
  -9.9585246e+00
   7.4655653e+00
   4.9494017e+00
  -9.6877541e+00
   6.9469412e+00
  -5.8412658e+00
   1.1027276e+01
  -4.1307232e+00
   4.5006907e+00
  -1.0859529e+01
  -8.9006715e+00
  -3.0444080e+00
   6.6404924e+00
  -4.3824259e-01
   6.9950142e+00
   1.1303863e+01
   3.8298352e-01
  -9.8099971e+00
   8.8455096e+00
   8.1782798e+00
   5.6933892e+00
  -7.0530980e+00
  -8.0274707e+00
  -1.7959269e+00
  -4.9109414e+00
   1.3882262e+00
  -3.1379612e+00
  -6.7029081e+00
  -1.0098488e+01
  -6.6587498e+00
  -5.4822715e+00
  -1.3085706e+01
  -9.4748498e+00
  -7.7479044e+00
   7.8118437e+00
  -2.8628685e+00
   1.1509332e+01
  -5.9198364e+00
  -1.2178154e+00
  -5.5617219e-01
  -9.0202807e+00
   6.7498628e+00
  -9.1450944e+00
   3.7441008e+00
   7.0507537e+00
  -2.4401906e+00
   2.5552860e+00
   6.0267297e+00
