   7.1599001e+00
  -9.2214808e+00
  -8.6184801e+00
  -5.6425099e+00
  -1.1106229e+01
  -5.9126281e+00
  -5.4153616e-01
   8.7553280e+00
   2.7665614e+00
  -1.1909553e+01
   1.3453537e+00
   6.5012278e+00
  -2.1294106e-02
   3.3478187e+00
   1.0909770e+01
  -4.2988692e+00
   6.1597874e+00
  -1.2262201e+01
   1.2520520e+01
   4.9958687e+00
   4.5037800e+00
  -7.3879671e+00
   5.3653117e+00
  -1.1830593e+01
   9.9324398e+00
  -8.1208668e+00
  -6.2149852e+00
   1.1620563e+00
  -2.0379751e+00
   4.0536158e-02
  -7.9199178e-01
   1.7089350e+00
  -8.7978460e+00
   3.4869660e+00
  -2.0106807e+01
   2.4329903e-01
   3.3890111e+00
   1.8861886e+01
  -9.7775214e-01
  -1.3247967e+00
   4.8272318e+00
   1.1867013e+01
   7.3821662e+00
   1.7445417e+01
  -4.8509923e+00
   2.6864350e+00
   9.8736323e-01
   7.6908173e+00
  -3.0247097e+00
  -9.7223291e+00
