  -1.1437564e+01
   4.8489274e+00
  -1.0800764e+01
   2.0508991e+01
  -1.3015395e+00
  -4.9612471e-01
   4.3058307e+00
   5.9764955e+00
  -1.4218489e+01
   5.4329306e+00
  -5.1122136e+00
  -3.8754330e+00
   7.5515320e+00
   7.9839289e+00
  -2.0532948e+01
  -3.4727674e-03
  -1.1689357e+00
  -1.1700735e+00
   2.0836604e+01
  -2.9835751e+00
  -8.7243434e+00
   5.0753955e+00
   8.0241294e+00
   1.0167701e+00
  -2.6195715e+00
   4.1588414e+00
  -4.0759421e+00
   2.7664446e+00
   4.7281235e+00
   1.3209912e+01
  -1.0593976e+01
   6.1520315e+00
   5.4259667e+00
  -1.4860065e+00
  -1.1277883e+00
  -4.6624073e+00
  -1.9276482e+01
   3.3517192e+00
  -5.8703524e+00
  -5.0665207e+00
  -9.3638487e-01
   8.8535790e+00
  -1.7445914e+01
   2.9348716e+00
  -8.8220592e+00
  -1.6623857e+00
  -1.9033501e+01
   3.9469316e+00
   2.2752428e+00
  -2.4622298e-01
