  -7.7242172e+00
   6.4583205e+00
   1.5273607e+00
   7.6915413e+00
  -2.6318934e+00
  -4.5567107e+00
  -1.9126335e+00
   5.3401413e+00
   7.9680850e+00
  -4.7930319e+00
   1.1667400e+01
   4.6694787e+00
   1.2055071e+01
  -1.0797242e-02
   6.0833280e+00
   1.2252904e+01
   1.6816061e+00
  -1.4201436e+00
   9.6066262e+00
  -1.1819069e+00
  -1.9240170e+00
  -1.6156947e+01
  -6.6568160e+00
  -1.7897651e+01
   5.7137356e+00
   3.3096708e+00
   5.9265569e-01
  -1.3472513e+01
   3.2249377e+00
   8.3265123e+00
  -8.3763619e+00
   1.4935393e+00
   1.4008459e+01
   1.4729982e+01
   1.0288889e+01
   1.0561522e+01
   7.6998535e+00
   9.9383212e+00
   6.7526822e-01
  -8.4489564e+00
   9.5035954e-01
  -3.5982900e+00
   1.7071503e+01
   5.2216195e+00
  -5.5730823e+00
   2.4936717e+00
   8.0887976e+00
   6.6285282e+00
  -8.3508675e+00
   5.1507811e+00
