   2.5228694e+00
  -1.6831910e+00
   3.0759550e-01
   1.4983517e+00
  -1.6929607e+01
  -1.2774813e+01
   6.0932449e+00
   1.4311278e+01
   1.5744359e+01
  -5.8765645e+00
   7.4365421e+00
   1.0734077e+01
  -3.7244757e+00
   3.2102736e+00
   8.3724986e+00
  -1.3590814e+01
  -2.3930003e+00
   2.5584597e-01
   8.2706534e+00
  -5.6528690e-01
  -1.1032427e+01
  -6.1009616e+00
   5.6373814e+00
   8.8795684e-01
   2.8886865e+00
   2.0857311e+01
   1.6674262e+01
   2.0040174e+00
   1.0723802e+01
   4.0451174e+00
   4.5626759e+00
  -3.2471275e+00
   2.3807273e+00
   1.2149457e+01
  -4.5598243e+00
   4.5740877e+00
   1.3675291e+01
  -5.0032486e+00
  -4.6407776e+00
  -9.0209269e-01
  -8.2741664e+00
   6.5957040e+00
  -5.6907622e+00
  -1.5504619e+00
   9.5164380e+00
  -1.7698907e+01
  -9.7520418e+00
   1.8362393e+01
   1.0218029e+00
   4.8045466e+00
