  -6.2455395e+00
   3.1301172e-01
   2.8494579e+00
  -1.0828141e+01
   4.2140014e+00
  -8.7092473e+00
   8.0948473e+00
  -2.1380842e+01
   1.3742506e+01
   5.6385863e+00
  -4.4087892e+00
  -3.5364528e+00
   4.9726932e-03
  -7.8648653e+00
   5.2458423e+00
  -7.0521616e-01
   1.6878077e+00
   9.1339270e-01
   2.9343935e+00
   8.8894259e+00
  -1.8329758e+01
  -3.7936160e-01
   8.8378049e+00
   1.0115897e-01
  -1.0219416e+01
  -5.9492930e+00
  -5.7067767e+00
  -3.7651300e+00
  -9.9154491e+00
   1.1489910e+00
  -2.2957215e+00
   3.4665013e+00
  -3.9461234e+00
  -1.2569350e+01
  -1.4550219e+01
  -2.7696446e+00
   5.1810616e+00
  -1.0485886e+01
   2.4097958e+00
  -5.0170510e+00
   9.3273562e+00
   7.8300316e+00
   1.5889702e+00
  -3.5941354e+00
   9.1152661e+00
  -3.8021159e+00
   2.2258258e+00
   1.2990014e+00
  -4.8079792e+00
  -2.5083205e+00
