   1.5030491e+01
  -5.9088360e-01
  -2.9471998e+00
   7.4564916e+00
   1.5940876e+01
   4.8873195e+00
  -5.6083081e+00
   1.7717219e+00
   1.4130512e+01
  -4.9962263e+00
  -1.1844779e+01
  -2.9531227e-01
   7.6826876e-01
   4.1212236e+00
   2.1272815e+00
   1.0851154e+01
   4.4932382e+00
  -2.4470495e+00
  -5.9106888e-01
  -1.1041085e+01
  -4.0440325e+00
  -3.3316088e+00
  -3.4490332e+00
   2.0590951e+00
   5.0125959e+00
  -5.3337800e+00
   1.3381565e-02
  -5.2056762e+00
  -1.1593544e+01
  -5.2416408e+00
   1.3215362e+00
   4.1387190e+00
  -6.2043543e+00
  -1.2127544e+01
   3.9161087e+00
   1.1561165e+00
   4.9531641e+00
  -3.8809874e+00
   3.7484439e+00
   4.2878515e+00
  -1.3167835e+01
   1.6855295e+00
   5.1760626e+00
  -7.5772008e+00
  -8.6512053e+00
  -1.3487079e+01
   3.2452619e+00
  -3.3130729e+00
   2.9939256e+00
  -1.9488268e+00
