  -1.2145131e+01
   2.0123578e+01
  -1.8470348e+00
   3.1871138e+00
  -3.6747008e+00
   1.1059757e+01
   7.7357288e+00
  -3.6161875e+00
   1.7673043e+00
   4.2764387e+00
  -1.2075072e+01
   1.2391297e+01
   7.0515182e+00
  -1.2210191e+01
  -1.1945566e+01
  -8.5938348e+00
   3.1730879e+00
  -9.3436239e+00
   3.9098058e+00
  -1.2314117e+01
   4.6221142e+00
   9.3952507e+00
  -1.1156891e+01
  -1.1698248e+01
   1.7032082e+01
   1.5076719e+01
  -2.3067400e+00
  -1.3824791e+01
   1.6156769e+01
  -2.5067741e+00
  -4.5784405e+00
   8.0635437e+00
   2.3131270e+00
   9.3890328e+00
   9.3007954e-01
   2.4783378e+00
   1.1874998e+00
  -5.8445528e+00
   6.2854408e+00
   1.8934334e+01
  -1.2957994e+01
  -7.9773521e+00
   1.6837422e+01
   7.0503991e-01
  -1.0240289e+01
   4.9179502e-01
  -1.6538143e+01
   1.1438520e+01
  -6.9620166e+00
   1.3012486e+01
