   8.5828201e-02
   3.8416068e+00
  -3.2877514e+00
   2.4273709e+00
   1.2625739e+01
  -1.6931898e+01
  -1.5224755e+00
   2.3313234e+00
   6.7340703e+00
  -7.8599004e-01
   7.5167352e+00
  -2.6571563e+00
  -2.6520556e+00
  -9.9075062e+00
  -4.3048443e+00
  -9.2991303e+00
   5.5449684e+00
   1.0166901e+01
   1.5196618e+01
   1.0652169e+01
  -1.1500901e+01
   4.2957509e+00
  -1.0153746e+01
   5.9240091e+00
  -2.2423324e+00
  -9.5453792e+00
  -4.4407541e+00
   7.2979580e+00
   2.4548687e+00
  -8.5970440e+00
  -8.2460291e-01
   1.3804011e+01
  -8.6336740e-01
  -8.2787963e-01
  -9.5080425e-01
   3.3003132e+00
   1.3245443e+00
  -7.6295255e+00
  -1.2543491e+01
   1.9305339e+00
  -7.2290462e+00
   1.7140751e-01
   6.1185037e+00
  -1.3029676e+01
   8.0787892e+00
  -1.5015052e+00
  -3.3704847e+00
  -3.4882845e+00
   3.8991820e+00
   1.6489310e+01
