  -5.9781128e+00
   1.3162190e+01
  -1.6517352e+00
   3.0860798e+00
  -1.6698537e+00
  -8.0835971e+00
   1.0312586e+00
  -1.5508921e+01
   1.3030469e+01
  -8.7885227e+00
  -4.8924669e+00
   9.8675166e+00
  -1.1739243e+01
  -1.7390204e+01
  -1.4034804e+01
  -4.7389008e+00
   6.9632286e+00
   4.4587618e+00
   2.0753512e+00
   6.6478564e+00
  -2.2868761e+00
  -9.2238137e+00
   1.5364967e+00
  -7.7223928e-01
   2.1414951e+01
  -8.5159052e+00
  -1.0180836e-01
   3.8047888e+00
  -9.3916547e+00
   1.1930426e+01
  -2.1002071e+01
  -8.1072100e+00
   3.6937694e+00
  -7.7139530e+00
  -3.5268741e-01
   1.4752826e+00
   2.4315406e+00
   5.4189537e+00
   3.6235095e+00
  -1.0870659e+01
  -2.5828407e+00
  -3.1601399e+00
   1.1760333e+01
   7.3767777e+00
  -1.0241432e+01
  -6.4277511e+00
   7.1676307e+00
   9.9492529e+00
   9.2532094e-01
   1.5609897e+01
