   7.2031138e+00
  -6.1348307e+00
  -2.1098157e+00
  -5.8421940e+00
   6.6505915e+00
   4.7867018e+00
  -1.0457049e+01
  -1.0844826e+01
   6.0074926e+00
   1.1302664e+01
   5.6128580e+00
  -1.5308313e+01
   9.7191992e+00
  -7.0982335e+00
   2.3715869e+00
  -6.4947708e+00
  -6.8506585e-01
   1.3008614e+01
  -3.1305771e+00
   4.4387087e+00
  -9.5724865e-01
  -1.7433293e+01
  -8.6595086e+00
  -2.1763397e+00
   4.2544703e+00
   6.6211873e+00
  -2.9906707e+00
   9.1354416e+00
  -9.6511209e-02
   1.6287924e+01
  -1.7629636e+01
  -9.9403224e+00
   3.1615970e+00
  -2.7376001e-01
   2.1930817e+00
   3.6810630e+00
   5.2189926e+00
   2.2546896e-01
   1.0396379e+01
  -3.9121008e+00
   4.3419231e+00
   1.8175232e+00
  -1.3396777e+00
   9.9470239e-01
   3.7214088e+00
  -6.6098206e+00
  -3.8834539e+00
  -5.7224192e+00
  -1.1783046e+01
  -9.4926508e-01
