  -1.9905507e+00
  -7.6115700e+00
   4.3327415e+00
   1.5026154e+01
  -1.4824040e+00
   8.4230513e-01
  -7.6416334e+00
   9.7315176e+00
  -1.3472284e+00
  -7.6899888e+00
   8.0911875e-01
   4.1114105e+00
  -7.1579864e+00
   1.1499798e+01
   7.7884925e+00
  -6.5636343e+00
   4.7747776e+00
   1.3609032e+01
   3.5499194e+00
  -8.9336426e+00
   4.2920312e+00
  -1.4150628e+00
  -4.1970960e+00
   4.5685851e-01
  -1.4702881e+01
  -8.6206532e+00
  -1.8748479e+00
  -5.3549596e+00
   1.5812493e+00
   8.6432259e-01
   2.0782950e+00
  -5.8114329e+00
  -8.1692848e-01
  -1.0663410e+01
   1.3730344e+01
  -4.0124211e+00
  -1.0978372e+01
  -4.6225513e+00
   2.1098673e+01
   3.6863819e+00
  -2.0041266e+00
   2.2001909e+00
   5.4703070e-01
   7.7838435e-01
  -5.9081996e+00
  -5.7469506e+00
   1.2400462e+01
  -5.4549761e+00
  -9.1873998e+00
  -6.5960794e-01
