  -6.5880790e+00
   9.1634980e+00
  -6.3159308e+00
  -3.0884166e-01
   1.0286504e+01
   7.8359391e+00
  -7.1108305e+00
   8.3536468e+00
  -2.4722989e+00
  -1.7999483e+00
   5.6706406e-01
   8.8291765e+00
   1.8748682e+01
  -4.5313021e+00
   1.3898398e+01
   1.3280360e+01
  -2.3815690e+00
   1.6467452e+01
  -4.1383297e+00
  -5.7251929e+00
   6.9867294e+00
   5.9262310e+00
  -2.7768058e+00
  -1.7021395e+00
   9.4754393e+00
  -5.9089158e+00
  -5.0051172e+00
  -1.8046879e+01
  -9.1922141e+00
   1.3304981e+01
   4.2335113e+00
   3.0529687e+00
  -4.0108913e+00
  -1.0363546e+01
   7.4161407e+00
  -1.4326660e+01
   9.5084782e+00
  -4.8708203e+00
   1.4149558e+01
  -6.3664740e+00
   8.3417606e+00
   1.2752354e+00
   1.4073902e+00
   7.7739094e+00
  -2.3315313e+00
   8.8178147e+00
  -1.3213662e+00
   4.0518330e+00
  -1.8118728e+00
   8.5355830e+00
