  -4.3305562e+00
  -6.1005323e+00
  -5.5310177e+00
   5.5923954e+00
  -1.8115180e+00
   1.7350204e+00
  -7.2567763e+00
  -2.5362682e+00
  -8.0730307e+00
  -6.0641758e+00
  -5.9333398e+00
   4.6695198e+00
   1.6718414e+01
   8.4967749e-01
   1.7799006e+00
   5.5015049e+00
  -6.2557256e+00
   4.0843345e+00
  -3.8138146e+00
  -5.1655568e+00
  -5.3659472e+00
   4.7890047e-01
   9.8549463e+00
  -1.1861514e+01
  -1.2020403e+01
  -2.2380529e+00
  -2.7434124e+00
   2.0220191e+00
   2.3734808e+00
   9.0652827e+00
  -6.9195462e+00
   8.8224679e+00
   2.7921380e+00
  -1.9450555e+00
  -4.0795086e+00
   2.1160670e+00
   8.6886796e+00
  -8.4422160e+00
   4.0028798e+00
  -8.3292119e+00
   6.3483909e+00
   7.6463118e+00
   1.3388604e+00
   1.4328364e+01
  -4.9478170e+00
   1.0585343e+00
   8.2815939e+00
   2.9720362e-01
   8.4096975e+00
   9.4278431e+00
