  -8.4945484e+00
  -1.1046616e+01
   3.0379540e+00
  -8.9446440e+00
  -5.4446738e+00
  -5.1266599e+00
   6.3896404e-01
   2.7930209e+00
   3.6385602e+00
   1.1006638e+01
   7.3645889e+00
  -8.8780330e+00
   1.8755194e+00
   2.4672188e+00
  -3.3086426e+00
   9.3838751e+00
   3.8206587e+00
   8.8706650e-01
   6.7066523e+00
  -9.9450349e+00
  -2.9929231e+00
   6.2625383e+00
  -2.7345674e+00
   7.1516355e+00
  -5.6714428e+00
   5.0484500e-01
  -5.3545362e-01
  -2.7409022e+00
  -2.1421509e+00
  -1.4214529e+01
  -1.0367614e+01
   1.5521203e+00
   7.0616569e+00
  -1.3027203e+00
  -8.1706910e-02
   1.9438774e+00
   3.3659899e+00
  -1.2021053e+01
  -1.0457324e+01
  -2.3963158e+00
   1.0563072e+00
  -7.6786215e+00
   3.7131675e+00
  -4.4982114e-01
  -9.5876799e+00
  -8.0316487e+00
   7.9603378e+00
   2.1219912e+00
   5.9782890e+00
  -1.6013465e+00
