  -1.0891125e+01
   3.5306310e+00
   1.0488381e+01
  -2.5636154e+00
  -1.7520218e+01
   3.4398091e+00
  -1.0070762e+01
  -6.2882896e-01
   3.2120149e+00
   1.4728376e+00
   1.5676092e+00
   1.1538429e+00
   5.7124544e+00
   3.9921216e+00
  -7.4379199e+00
   1.4975386e+01
   9.4517213e-01
  -3.0001813e-01
  -7.4962767e+00
  -2.0203961e+00
  -1.2332837e+01
  -1.8755424e+01
   5.0478117e+00
  -1.1495951e+01
  -5.6754701e+00
  -3.5793009e+00
  -1.0128860e+00
   3.3039619e+00
  -7.1817303e+00
   3.9178081e+00
  -4.9588031e+00
  -3.8210214e+00
   3.2615918e+00
   1.2179445e+01
   1.0757110e+01
  -1.1765447e+00
   1.1514424e+01
  -4.1149557e+00
  -5.3337287e-01
  -1.2612548e+01
  -7.9514879e+00
   5.4709515e+00
  -7.8563045e+00
  -2.5672390e+00
   4.6129707e+00
   1.8697140e+00
   4.2264058e-01
  -4.0026178e+00
  -1.0002748e+01
   1.0070106e+01
