  -1.0508629e+01
  -1.6999535e-01
   3.8637497e+00
   1.2034379e+01
   1.8843982e+00
  -3.7738311e+00
  -6.3027122e+00
  -1.1389460e+01
  -3.6710253e+00
   4.6010388e+00
   6.8294346e+00
   1.3844548e+00
   8.6167253e-01
  -5.4363624e+00
  -3.5930450e+00
   5.2550913e-01
   6.1942061e+00
  -1.5302125e+00
  -1.3411988e+00
   1.9625623e+01
   5.8430492e+00
   6.9649122e+00
  -3.8356484e+00
   1.0073571e+01
  -1.1037669e+01
   4.4087456e+00
   7.7941930e+00
   8.7361561e+00
  -3.2883107e+00
  -1.0519970e+01
   2.1885640e+01
  -1.0475886e+00
   4.2086186e+00
   7.8277004e+00
   5.0019925e+00
  -6.4995887e+00
  -6.5720657e+00
  -9.2817183e-01
  -1.5287766e+00
   6.0696268e+00
  -1.5678308e+01
  -2.0029218e+00
  -5.0487560e+00
   1.2395913e+00
   5.3155296e-01
  -3.1785897e+00
   1.4971158e+01
   3.0915051e-01
   1.1755241e+01
   5.0109717e+00
