   4.6903569e+00
  -9.7013783e+00
  -5.2091933e+00
  -1.5468218e+00
  -5.2109260e+00
   2.9163386e-01
   2.3189274e+00
   1.6803592e+01
  -8.1933338e-01
   3.2753639e-01
  -2.6392979e+00
   6.8253128e+00
  -8.5755872e+00
   6.3125171e-01
  -8.6209095e+00
  -4.0922040e-01
  -8.6617988e-01
   7.1853198e-02
   8.9692069e+00
  -5.6405147e+00
   5.9300094e+00
   8.1561599e+00
  -8.4683384e+00
  -4.4816268e+00
   3.8091505e+00
   3.0255056e+00
   3.5034353e+00
  -7.3502210e+00
  -1.1219340e+01
   1.0616737e+00
  -3.1035458e+00
   5.1439137e+00
  -1.2698472e-01
  -1.9733413e+00
   1.1485895e+01
  -6.0794711e+00
   3.3649190e+00
   8.8805222e+00
   9.1500999e+00
  -8.8773776e+00
  -1.5274436e+01
  -1.1308276e+01
   5.1156142e+00
  -5.0540824e-01
  -3.1118687e+00
   4.1911510e+00
   2.4223192e-02
   1.4472656e+01
   6.7516040e+00
   3.5677893e+00
