  -1.7181052e+01
  -7.4844446e+00
  -6.6979191e+00
   6.8681553e+00
   1.4500428e+01
  -7.4574772e+00
   2.1607739e+00
   4.6471428e-01
   1.5325171e+01
  -2.0983800e+00
  -9.4075273e-01
  -1.3523543e+01
   2.4398842e+00
   6.0079126e+00
  -1.7479344e+01
  -1.1952436e+00
   1.2111845e+01
   3.5369460e-01
   3.3498403e+00
   2.1068629e-01
  -8.3875298e+00
   3.0788653e+00
  -5.7418454e+00
  -5.8773175e-02
  -6.5649392e+00
  -2.3440262e+00
  -6.8914072e+00
  -3.9465882e+00
   1.4279175e+01
  -4.6484085e+00
  -1.5657563e+00
   2.1310349e+01
  -3.6860111e+00
   4.9677735e+00
  -2.3490992e+00
  -3.6034410e+00
  -1.6926153e+01
   1.4901106e+01
  -1.5312712e+01
   3.9656902e-01
  -7.1007770e+00
   1.0514925e+01
   9.9384374e+00
   6.6177797e+00
   6.2310513e+00
  -6.0455946e+00
  -9.6815530e+00
   4.5879554e+00
   6.3426337e+00
   1.0637966e+01
