  -5.8467596e-01
   3.4022262e+00
   3.8538740e+00
   3.1514228e-01
   7.1593267e+00
  -4.7306542e+00
  -1.8860173e+01
   1.3789768e+01
  -1.2472388e+01
   6.0857096e+00
  -7.9590692e+00
   2.5930197e+00
  -9.4608596e+00
  -4.1080269e+00
  -1.3731757e+01
   1.6973079e+01
   9.2192223e+00
  -3.7956317e-01
   9.4098057e-01
  -3.9760993e+00
   4.8971547e+00
  -9.0825918e+00
   7.6997571e+00
   1.7471995e+00
   1.3768439e+01
   1.2002987e+01
  -3.4375572e+00
  -1.2764662e+01
   1.9030273e+00
   9.2786404e-01
   1.4902143e+01
   7.0560744e+00
   6.4061169e+00
   2.4668092e-01
  -5.7873226e+00
  -6.0351078e+00
  -4.5202481e+00
  -8.5028849e+00
  -5.7092939e+00
  -7.0348667e+00
  -8.6025659e+00
   1.4227260e-01
   5.5894932e+00
  -1.4239531e-01
  -7.2358825e+00
  -8.7671627e-01
   5.1249268e+00
  -6.5117481e+00
   2.0861554e+00
   5.6618746e+00
