   1.7346344e+00
   6.5676970e+00
   3.0010122e+00
  -5.9497526e-01
   2.8605963e+00
  -2.3372845e-01
  -1.3132542e+01
   1.5430168e+01
  -3.6385857e+00
   4.0562275e+00
   7.2498515e+00
  -1.1409755e+01
   3.2426834e-01
   1.3121425e+01
   6.9036884e+00
  -5.0926750e+00
  -1.0168382e+01
   4.7683601e+00
  -2.4219269e+00
  -2.0280146e+00
   8.9337621e+00
   1.5628995e+00
  -4.0129625e+00
  -3.9969328e+00
   6.7375740e+00
  -2.0257779e+00
   8.2858442e+00
   2.6722519e+00
   1.5492825e+00
   1.3304220e+01
  -8.1457028e+00
   6.4954774e+00
  -4.1775334e+00
  -3.5936553e+00
   1.1809501e+01
   1.6119395e+00
   1.3213895e+01
   3.7116278e+00
   8.7990244e+00
  -3.9645443e+00
  -5.2915435e+00
   6.8058504e+00
   6.5237541e+00
   1.3445256e+01
   8.3587639e+00
   6.5789362e+00
   1.1209605e+01
  -7.4441336e+00
   1.1133758e+01
   7.5343895e+00
