   1.2079775e+01
   3.4111656e+00
   5.3583360e+00
   3.0724235e+00
   2.1581765e+00
   2.7931261e+00
  -9.1462083e+00
  -6.9011983e-01
   1.3462402e+01
  -3.1466420e+00
   3.6668613e+00
   1.6755221e-01
   9.3643351e+00
  -2.3668535e-01
   1.5616220e+01
  -1.2823074e+01
  -2.3010514e+00
   4.6257219e+00
  -4.6332207e+00
  -3.7842545e+00
  -7.5328737e+00
  -1.1101807e+01
   1.7147009e+00
   8.0396961e+00
   1.5082695e+01
  -7.3949307e+00
   3.5231989e+00
   7.4595467e+00
  -1.6833535e+00
  -1.0635593e+01
  -5.0581851e+00
  -6.2746533e+00
  -7.0068299e+00
   9.1215105e+00
   2.6469637e+00
  -3.1649380e+00
   7.2307704e-01
  -5.4860634e-01
  -2.5846105e+00
  -4.3473110e-01
   6.6794460e+00
   1.4054456e+01
   3.9540390e+00
   8.1017272e+00
   2.4086624e+00
  -1.6867250e+00
  -2.4851294e+00
  -1.4745780e+00
   1.5248971e+01
  -8.8131515e+00
