  -5.3180026e+00
   6.1426134e-01
  -1.2092440e+00
   2.0410372e-01
  -5.9810975e+00
  -1.0331205e+01
  -4.7458938e-01
   5.9337181e+00
   8.1971012e+00
  -2.3780496e+00
   1.4651765e+00
   1.4664545e+01
   1.0515950e+01
  -7.6760855e+00
   1.8401644e-01
  -1.8103850e+01
   7.8674672e+00
   1.4604320e+00
   7.6495421e+00
   2.4751234e+01
  -5.1192753e+00
   5.3260636e+00
   1.9343040e+01
  -3.2031002e+00
  -2.3538685e+00
   2.2554113e+00
   5.9914399e-01
  -4.3822848e+00
  -7.4996365e+00
   6.6044768e+00
   7.1683132e+00
  -1.1565723e+00
   1.5978458e+00
   1.0888617e+01
  -1.9705548e+00
   4.2286132e+00
   1.8296736e+00
  -9.8844408e-01
   4.0524032e+00
   7.8141488e+00
  -4.0069268e+00
  -4.8312541e-01
   1.0743500e+01
   1.6988395e+01
   7.7438662e+00
  -5.1590315e+00
   4.0181319e+00
  -6.8437296e-01
  -1.4037863e+01
  -1.0124329e+00
